v20,T001: First Spark,p,1,m,0,e,T,e,T,e,T,t,A,t,D,t,7,t,6,f,2,f,5,f,3,f,1,h,1,3,2,0,0,h,2,2,5,0,0,h,2,3,2,2,3,2,3,9,h,3,2,2,4,5,2,3,5,6,B,h,3,3,2,3,5,2,2,3,4,A,h,4,2,2,4,7,2,2,3,5,5,6,C,v,3,2,3,
v20,T002: First Spark,p,2,m,0,e,T,e,T,e,T,t,A,t,D,t,7,t,6,f,2,f,5,f,3,f,1,h,1,3,2,0,0,h,2,2,5,0,0,h,2,3,2,2,3,2,3,9,h,3,2,2,4,5,2,3,5,6,B,h,3,3,2,3,5,2,2,3,4,A,h,4,2,2,4,7,2,2,3,5,5,6,C,h,5,2,2,3,5,2,2,3,4,A,h,5,3,2,4,5,2,3,5,6,B,h,6,1,2,2,3,2,3,9,h,6,2,5,0,0,h,7,2,2,0,0,v,3,2,3,v,4,2,3,
v20,T003: First Spark,p,3,m,0,e,T,e,T,e,T,t,A,t,D,t,7,t,6,f,2,f,5,f,3,f,1,h,2,1,5,0,0,h,2,2,2,3,5,2,2,3,4,A,h,3,1,2,0,0,h,3,2,2,4,5,2,3,5,6,B,h,3,3,2,3,5,2,2,3,4,A,h,3,4,2,0,0,h,4,1,2,3,5,2,2,3,4,A,h,4,2,2,4,7,2,2,3,5,5,6,C,h,4,3,2,4,5,2,3,5,6,B,h,4,4,5,0,0,h,5,1,2,3,5,2,2,3,4,A,h,5,2,2,4,5,2,3,5,6,B,h,5,3,2,3,5,2,2,3,4,A,h,5,4,2,3,5,2,2,3,4,A,h,6,1,5,0,0,h,6,2,2,0,0,v,3,1,3,v,3,2,3,v,3,3,4,v,4,2,2,v,4,2,4,v,5,3,2,
v20,T004: First Spark,p,4,m,0,e,T,e,T,e,T,t,A,t,D,t,7,t,6,f,2,f,5,f,3,f,1,h,2,1,2,0,0,h,2,2,5,0,0,h,2,4,5,0,0,h,2,5,2,0,0,h,3,2,2,3,5,2,2,3,4,A,h,3,3,2,3,5,2,2,3,4,A,h,3,4,2,3,5,2,2,3,4,A,h,3,5,2,3,5,2,2,3,4,A,h,4,1,2,4,5,2,3,5,6,B,h,4,2,2,4,6,2,3,5,6,B,4,h,4,3,2,4,7,2,2,3,5,5,6,C,h,4,4,2,4,6,2,3,5,6,B,4,h,4,5,2,4,5,2,3,5,6,B,h,5,2,2,3,5,2,2,3,4,A,h,5,3,2,3,5,2,2,3,4,A,h,5,4,2,3,5,2,2,3,4,A,h,5,5,2,3,5,2,2,3,4,A,h,6,1,2,0,0,h,6,2,5,0,0,h,6,4,5,0,0,h,6,5,2,0,0,v,3,2,3,v,3,3,4,v,3,4,3,v,4,2,3,v,4,4,3,v,5,3,4,
v20,X012: Second Genesis,p,2,m,0,e,A,e,D,e,F,t,A,t,C,t,7,t,8,f,2,f,5,f,3,f,1,h,1,4,5,0,0,h,2,1,2,4,7,2,2,3,5,5,6,C,h,2,2,3,D,2,5,2,2,3,9,4,h,2,3,2,3,5,2,2,3,4,A,h,2,4,2,0,0,h,3,1,4,0,2,3,9,h,3,2,2,4,5,2,3,5,6,B,h,3,3,3,2,0,0,h,3,4,2,4,5,2,3,5,6,B,h,3,5,4,0,2,3,9,h,4,1,2,0,0,h,4,2,2,3,5,2,2,3,4,A,h,4,3,3,D,2,5,2,2,3,9,4,h,4,4,2,4,7,2,2,3,5,5,6,C,h,5,2,5,0,0,v,2,4,3,v,3,1,3,v,3,2,4,v,3,3,4,g,2,1,5,g,2,2,6,g,4,3,3,g,4,4,2,
v20,X013: Second Genesis,p,3,m,0,e,A,e,D,e,F,t,A,t,C,t,7,t,8,f,2,f,5,f,3,f,1,h,2,2,5,0,0,h,2,3,2,0,0,h,2,4,4,0,2,3,9,h,2,5,3,D,2,5,2,2,3,9,4,h,3,1,3,D,2,5,2,2,3,9,4,h,3,2,2,4,7,2,2,3,5,5,6,C,h,3,3,2,3,5,2,2,3,4,A,h,3,4,2,4,5,2,3,5,6,B,h,3,5,2,4,7,2,2,3,5,5,6,C,h,4,1,4,0,2,3,9,h,4,2,2,4,5,2,3,5,6,B,h,4,3,3,2,0,0,h,4,4,2,3,5,2,2,3,4,A,h,4,5,5,0,0,h,5,2,2,0,0,h,5,3,2,3,5,2,2,3,4,A,h,5,4,2,4,5,2,3,5,6,B,h,5,5,2,0,0,h,6,2,5,0,0,h,6,3,2,4,7,2,2,3,5,5,6,C,h,6,4,4,0,2,3,9,h,7,4,3,D,2,5,2,2,3,9,4,v,2,2,2,v,2,3,4,v,3,4,2,v,3,5,3,v,4,1,3,v,4,2,4,v,4,3,3,v,5,5,2,v,6,2,4,g,2,5,3,g,3,1,5,g,3,2,6,g,3,5,4,g,6,3,2,g,7,4,1,
v20,X014: Second Genesis,p,4,m,0,e,A,e,D,e,F,t,A,t,C,t,7,t,8,f,2,f,5,f,3,f,1,h,2,1,2,0,0,h,2,2,2,4,5,2,3,5,6,B,h,2,3,4,0,2,3,9,h,2,4,2,4,5,2,3,5,6,B,h,2,5,2,0,0,h,3,1,5,0,0,h,3,2,2,3,5,2,2,3,4,A,h,3,3,3,D,2,5,2,2,3,9,4,h,3,4,3,D,2,5,2,2,3,9,4,h,3,5,2,3,5,2,2,3,4,A,h,3,6,5,0,0,h,4,2,2,4,7,2,2,3,5,5,6,C,h,4,3,3,2,0,0,h,4,4,2,4,7,2,2,3,5,5,6,C,h,5,1,5,0,0,h,5,2,2,3,5,2,2,3,4,A,h,5,3,3,D,2,5,2,2,3,9,4,h,5,4,3,D,2,5,2,2,3,9,4,h,5,5,2,3,5,2,2,3,4,A,h,5,6,5,0,0,h,6,1,2,0,0,h,6,2,2,4,5,2,3,5,6,B,h,6,3,4,0,2,3,9,h,6,4,2,4,5,2,3,5,6,B,h,6,5,2,0,0,v,4,2,4,v,4,3,4,g,4,2,1,g,4,4,4,
v20,X022: For Peace and Prosperity,p,2,m,0,e,C,e,D,e,E,t,2,t,4,t,D,t,1,f,A,f,A,f,6,f,5,h,1,2,4,0,2,3,9,h,1,3,2,0,0,h,2,1,2,3,5,2,2,3,4,A,h,2,2,2,2,3,2,3,9,h,2,3,5,0,0,h,3,2,2,4,5,2,3,5,6,B,h,3,3,3,8,0,1,9,h,4,1,3,E,0,0,h,4,2,3,3,4,4,2,2,6,B,h,4,3,3,2,0,0,h,5,2,3,8,0,1,9,h,5,3,2,4,5,2,3,5,6,B,h,6,1,5,0,0,h,6,2,2,2,3,2,3,9,h,6,3,2,3,5,2,2,3,4,A,h,7,2,2,0,0,h,7,3,4,0,2,3,9,v,1,2,4,v,2,3,2,v,5,2,2,v,7,2,4,g,3,2,1,g,5,3,4,
v20,X023: For Peace and Prosperity,p,3,m,0,e,C,e,D,e,E,t,2,t,4,t,D,t,1,f,A,f,A,f,6,f,5,h,1,3,2,0,0,h,1,4,4,0,2,3,9,h,2,2,5,0,0,h,2,3,2,2,3,2,3,9,h,2,4,2,3,5,2,2,3,4,A,h,3,3,3,8,0,1,9,h,3,4,2,4,5,2,3,5,6,B,h,4,1,2,3,5,2,2,3,4,A,h,4,2,2,4,5,2,3,5,6,B,h,4,3,3,3,4,4,2,2,6,B,h,4,4,3,8,0,1,9,h,4,5,5,0,0,h,5,1,4,0,2,3,9,h,5,2,2,2,3,2,3,9,h,5,3,3,8,0,1,9,h,5,4,2,4,5,2,3,5,6,B,h,5,5,2,2,3,2,3,9,h,5,6,2,0,0,h,6,1,2,0,0,h,6,2,5,0,0,h,6,4,2,3,5,2,2,3,4,A,h,6,5,4,0,2,3,9,v,1,3,4,v,2,2,3,v,4,4,4,v,5,1,3,v,5,3,2,v,5,6,2,g,3,4,4,g,4,2,6,g,5,4,2,
v20,X024: For Peace and Prosperity,p,4,m,0,e,C,e,D,e,E,t,2,t,4,t,D,t,1,f,A,f,A,f,6,f,5,h,1,2,4,0,2,3,9,h,1,5,5,0,0,h,1,6,2,0,0,h,2,1,2,0,0,h,2,2,2,2,3,2,3,9,h,2,3,2,4,5,2,3,5,6,B,h,2,4,2,3,5,2,2,3,4,A,h,2,5,2,2,3,2,3,9,h,2,6,4,0,2,3,9,h,3,2,5,0,0,h,3,3,2,3,5,2,2,3,4,A,h,3,4,3,2,0,0,h,3,5,2,4,5,2,3,5,6,B,h,4,3,3,8,0,2,9,B,h,4,4,3,3,4,4,2,2,6,B,h,4,5,3,8,0,2,9,B,h,5,4,2,4,5,2,3,5,6,B,h,5,5,3,2,0,0,h,5,6,2,3,5,2,2,3,4,A,h,5,7,5,0,0,h,6,2,4,0,2,3,9,h,6,3,2,2,3,2,3,9,h,6,4,2,3,5,2,2,3,4,A,h,6,5,2,4,5,2,3,5,6,B,h,6,6,2,2,3,2,3,9,h,6,7,2,0,0,h,7,3,2,0,0,h,7,4,5,0,0,h,7,7,4,0,2,3,9,v,1,2,2,v,1,5,2,v,1,6,3,v,2,2,3,v,5,6,4,v,6,2,3,v,6,4,2,v,6,7,2,g,2,3,5,g,3,4,2,g,3,5,4,g,4,3,5,g,5,4,1,g,6,5,2,
v20,X032: Foundation of the Future,p,2,m,0,e,C,e,F,e,H,t,4,t,3,t,9,t,6,f,B,f,F,f,7,f,8,h,2,1,4,0,2,3,9,h,2,2,5,0,0,h,2,3,2,0,0,h,3,1,2,4,7,2,2,3,5,5,6,C,h,3,2,2,4,5,2,3,5,6,B,h,3,3,2,3,5,2,2,3,4,A,h,3,4,3,8,0,1,9,h,4,1,3,5,6,6,2,2,2,3,6,D,h,4,3,3,B,4,5,2,2,3,4,9,h,5,1,2,4,7,2,2,3,5,5,6,C,h,5,2,2,4,5,2,3,5,6,B,h,5,3,2,3,5,2,2,3,4,A,h,5,4,3,8,0,1,9,h,6,1,4,0,2,3,9,h,6,2,5,0,0,h,6,3,2,0,0,v,2,1,4,v,3,1,3,v,4,1,2,v,6,1,4,
v20,X033: Foundation of the Future,p,3,m,0,e,C,e,F,e,H,t,4,t,3,t,9,t,6,f,B,f,F,f,7,f,8,h,1,2,5,0,0,h,1,3,2,4,5,2,3,5,6,B,h,1,4,3,B,4,5,2,2,3,4,9,h,1,5,3,8,0,1,9,h,1,6,2,0,0,h,2,1,2,0,0,h,2,2,2,3,5,2,2,3,4,A,h,2,3,2,4,7,2,2,3,5,5,6,C,h,2,4,4,0,3,3,9,5,h,2,5,2,3,5,2,2,3,4,A,h,2,6,5,0,0,h,3,2,3,8,0,1,9,h,3,3,4,0,3,3,9,5,h,3,4,3,5,6,6,2,2,2,3,6,D,h,3,5,2,4,7,2,2,3,5,5,6,C,h,3,6,2,4,5,2,3,5,6,B,h,4,2,3,B,4,5,2,2,3,4,9,h,4,3,2,4,7,2,2,3,5,5,6,C,h,4,4,4,0,3,3,9,5,h,4,5,3,B,4,5,2,2,3,4,9,h,5,3,2,4,5,2,3,5,6,B,h,5,4,2,3,5,2,2,3,4,A,h,5,5,3,8,0,1,9,h,6,3,5,0,0,h,6,4,2,0,0,v,1,3,4,v,2,2,3,v,2,4,4,v,3,6,2,v,4,2,3,v,4,4,2,
v20,X034: Foundation of the Future,p,4,m,0,e,C,e,F,e,H,t,4,t,3,t,9,t,6,f,B,f,F,f,7,f,8,h,1,2,5,0,0,h,1,3,2,0,0,h,1,4,4,0,2,3,9,h,1,5,2,0,0,h,1,6,5,0,0,h,2,1,3,8,0,1,9,h,2,2,2,3,5,2,2,3,4,A,h,2,3,2,4,5,2,3,5,6,B,h,2,4,2,4,5,2,3,5,6,B,h,2,5,2,3,5,2,2,3,4,A,h,2,6,3,8,0,1,9,h,3,1,4,0,3,3,9,5,h,3,2,3,B,4,6,2,2,3,4,9,4,h,3,3,2,4,7,2,2,3,5,5,6,C,h,3,4,3,5,6,6,2,2,2,3,6,D,h,3,5,2,4,7,2,2,3,5,5,6,C,h,3,6,3,B,4,6,2,2,3,4,9,4,h,3,7,4,0,3,3,9,5,h,4,1,3,8,0,1,9,h,4,2,2,3,5,2,2,3,4,A,h,4,3,2,4,5,2,3,5,6,B,h,4,4,2,4,5,2,3,5,6,B,h,4,5,2,3,5,2,2,3,4,A,h,4,6,3,8,0,1,9,h,5,2,5,0,0,h,5,3,2,0,0,h,5,4,4,0,2,3,9,h,5,5,2,0,0,h,5,6,5,0,0,v,1,3,4,v,1,4,4,v,2,2,2,v,2,2,3,v,2,5,2,v,2,5,3,v,3,2,3,v,3,3,2,v,3,5,3,v,3,6,2,v,5,3,4,v,5,4,4,
v20,X042: Novarchon Legacy,p,2,m,0,e,A,e,E,e,G,t,A,t,D,t,E,t,8,f,B,f,D,f,7,f,5,h,1,2,2,0,0,h,1,3,5,0,0,h,2,1,2,2,5,2,3,9,6,4,h,2,2,2,3,5,2,2,3,4,A,h,2,3,2,4,5,2,3,5,6,B,h,3,1,3,2,0,0,h,3,2,4,0,2,3,9,h,3,3,3,4,3,5,2,2,3,6,A,h,3,4,4,0,2,3,9,h,3,5,3,2,0,0,h,4,2,2,4,5,2,3,5,6,B,h,4,3,2,3,5,2,2,3,4,A,h,4,4,2,2,5,2,3,9,6,4,h,5,3,5,0,0,h,5,4,2,0,0,v,2,2,3,v,3,1,4,v,3,3,3,v,3,4,4,g,2,1,1,g,4,4,4,
v20,X043: Novarchon Legacy,p,3,m,0,e,A,e,E,e,G,t,A,t,D,t,E,t,8,f,B,f,D,f,7,f,5,h,1,2,2,0,0,h,2,1,2,2,5,2,3,9,6,4,h,2,2,5,0,0,h,2,5,3,2,0,0,h,3,1,3,2,0,0,h,3,2,2,3,5,2,2,3,4,A,h,3,3,2,4,5,2,3,5,6,B,h,3,4,4,0,2,3,9,h,3,5,2,3,5,2,2,3,4,A,h,3,6,2,2,5,2,3,9,6,4,h,4,2,4,0,2,3,9,h,4,3,3,4,3,5,2,2,3,6,A,h,4,4,2,4,5,2,3,5,6,B,h,4,5,5,0,0,h,4,6,2,0,0,h,5,3,2,4,5,2,3,5,6,B,h,5,4,4,0,2,3,9,h,6,2,5,0,0,h,6,3,2,3,5,2,2,3,4,A,h,7,2,2,0,0,h,7,3,2,2,5,2,3,9,6,4,h,7,4,3,2,0,0,v,3,3,4,v,4,2,3,v,4,4,2,g,2,1,1,g,3,6,4,g,7,3,2,
v20,X044: Novarchon Legacy,p,4,m,0,e,A,e,E,e,G,t,A,t,D,t,E,t,8,f,B,f,D,f,7,f,5,h,1,5,5,0,0,h,1,6,2,0,0,h,2,4,2,3,5,2,2,3,4,A,h,2,5,2,2,5,2,3,9,6,4,h,3,2,5,0,0,h,3,3,2,3,5,2,2,3,4,A,h,3,4,4,0,2,3,9,h,3,5,2,4,5,2,3,5,6,B,h,3,6,3,2,0,0,h,4,1,2,0,0,h,4,2,2,2,5,2,3,9,6,4,h,4,3,2,4,5,2,3,5,6,B,h,4,4,3,4,3,5,2,2,3,6,A,h,4,5,2,4,5,2,3,5,6,B,h,4,6,2,2,5,2,3,9,6,4,h,4,7,2,0,0,h,5,3,3,2,0,0,h,5,4,2,4,5,2,3,5,6,B,h,5,5,4,0,2,3,9,h,5,6,2,3,5,2,2,3,4,A,h,5,7,5,0,0,h,6,3,2,2,5,2,3,9,6,4,h,6,4,2,3,5,2,2,3,4,A,h,7,3,2,0,0,h,7,4,5,0,0,v,3,5,4,v,3,6,2,v,4,3,2,v,5,3,4,g,2,5,4,g,4,2,2,g,4,6,5,g,6,3,1,
v20,X052: Art of War,p,2,m,0,e,D,e,H,e,I,t,4,t,C,t,6,t,5,f,B,f,E,f,9,f,1,h,1,3,2,0,0,h,1,4,5,0,0,h,2,1,3,2,0,0,h,2,2,2,4,5,2,3,5,6,B,h,2,3,2,3,5,2,2,3,4,A,h,2,4,4,0,2,3,9,h,3,2,3,8,0,1,9,h,3,3,2,4,7,2,2,3,5,5,6,C,h,3,4,3,4,3,5,2,2,3,6,A,h,3,5,2,4,7,2,2,3,5,5,6,C,h,3,6,3,9,3,0,h,4,3,4,0,2,3,9,h,4,4,2,3,5,2,2,3,4,A,h,4,5,2,4,5,2,3,5,6,B,h,4,6,3,2,0,0,h,5,4,5,0,0,h,5,5,2,0,0,v,1,4,3,v,2,3,2,v,3,5,2,v,4,3,3,g,3,3,2,g,3,5,5,
v20,X053: Art of War,p,3,m,0,e,D,e,H,e,I,t,4,t,C,t,6,t,5,f,B,f,E,f,9,f,1,h,1,2,4,0,3,3,9,4,h,1,3,2,0,0,h,1,4,5,0,0,h,1,5,3,2,0,1,8,h,1,6,3,8,0,1,9,h,2,1,3,9,3,0,h,2,2,2,4,5,2,3,5,6,B,h,2,3,2,3,5,2,2,3,4,A,h,2,4,2,4,7,2,2,3,5,5,6,C,h,2,5,2,4,5,2,3,5,6,B,h,2,6,4,0,3,3,9,4,h,3,2,3,2,0,1,8,h,3,3,2,4,7,2,2,3,5,5,6,C,h,3,4,3,4,3,5,2,2,3,6,A,h,3,5,2,3,5,2,2,3,4,A,h,3,6,2,0,0,h,4,2,5,0,0,h,4,3,2,3,5,2,2,3,4,A,h,4,4,2,4,7,2,2,3,5,5,6,C,h,4,5,5,0,0,h,5,3,2,0,0,h,5,4,2,4,5,2,3,5,6,B,h,5,5,3,2,0,1,8,h,6,3,4,0,3,3,9,4,h,6,4,3,8,0,1,9,v,1,2,2,v,1,2,4,v,1,4,3,v,1,4,4,v,1,5,2,v,1,6,3,v,2,6,2,v,3,2,3,v,3,2,4,v,3,3,2,v,4,4,3,v,4,4,4,v,4,5,2,v,5,3,3,v,6,3,4,
v20,X054: Art of War,p,4,m,0,e,D,e,H,e,I,t,4,t,C,t,6,t,5,f,B,f,E,f,9,f,1,h,1,3,2,0,0,h,1,4,5,0,0,h,2,1,4,0,3,3,9,4,h,2,2,2,4,5,2,3,5,6,B,h,2,3,2,3,5,2,2,3,4,A,h,2,4,3,8,0,1,9,h,2,5,5,0,0,h,3,2,3,2,0,0,h,3,3,2,4,7,2,2,3,5,5,6,C,h,3,4,3,9,3,0,h,3,5,2,3,5,2,2,3,4,A,h,3,6,2,0,0,h,4,1,2,4,5,2,3,5,6,B,h,4,2,2,4,7,2,2,3,5,5,6,C,h,4,3,3,4,3,5,2,2,3,6,A,h,4,4,2,4,7,2,2,3,5,5,6,C,h,4,5,2,4,5,2,3,5,6,B,h,5,1,2,0,0,h,5,2,2,3,5,2,2,3,4,A,h,5,3,3,9,3,0,h,5,4,2,4,7,2,2,3,5,5,6,C,h,5,5,3,2,0,0,h,6,1,5,0,0,h,6,2,3,8,0,1,9,h,6,3,2,3,5,2,2,3,4,A,h,6,4,2,4,5,2,3,5,6,B,h,6,5,4,0,3,3,9,4,h,7,3,5,0,0,h,7,4,2,0,0,v,1,4,3,v,2,4,4,v,3,2,2,v,3,2,4,v,3,4,2,v,4,3,2,v,4,4,3,v,5,4,4,v,6,1,4,v,6,2,3,g,2,2,6,g,4,1,1,g,4,5,4,g,6,4,3,
v20,X062: Whirling Destinies,p,2,m,0,e,A,e,F,e,I,t,B,t,E,t,6,t,1,f,A,f,4,f,8,f,5,h,1,1,5,0,0,h,1,2,2,0,0,h,2,1,2,2,3,2,3,9,h,2,2,2,3,5,2,2,3,4,A,h,2,3,2,4,5,2,3,5,6,B,h,2,4,4,0,2,3,9,h,3,2,3,2,0,0,h,3,3,3,C,3,0,h,3,4,3,E,0,1,8,h,3,5,3,5,6,6,2,2,2,3,6,D,h,3,6,3,2,0,0,h,4,4,2,4,5,2,3,5,6,B,h,4,5,2,3,5,2,2,3,4,A,h,4,6,2,2,3,2,3,9,h,5,6,2,0,0,h,5,7,5,0,0,v,2,1,3,v,2,2,3,v,3,2,4,v,3,5,3,v,3,5,4,v,3,6,3,
v20,X063: Whirling Destinies,p,3,m,0,e,A,e,F,e,I,t,B,t,E,t,6,t,1,f,A,f,4,f,8,f,5,h,1,1,5,0,0,h,1,2,2,0,0,h,1,6,2,0,0,h,1,7,5,0,0,h,2,1,2,2,3,2,3,9,h,2,2,2,3,5,2,2,3,4,A,h,2,3,2,4,5,2,3,5,6,B,h,2,4,2,4,5,2,3,5,6,B,h,2,5,2,3,5,2,2,3,4,A,h,2,6,2,2,3,2,3,9,h,3,2,3,2,0,0,h,3,3,3,C,3,0,h,3,4,3,E,0,1,8,h,3,5,3,5,6,6,2,2,2,3,6,D,h,3,6,3,2,0,0,h,4,3,4,0,3,3,9,5,h,4,4,2,4,5,2,3,5,6,B,h,4,5,2,3,5,2,2,3,4,A,h,4,6,2,2,3,2,3,9,h,5,6,2,0,0,h,5,7,5,0,0,v,2,1,3,v,2,2,3,v,2,5,2,v,2,6,2,v,3,2,4,v,3,5,3,v,3,5,4,v,3,6,3,
v20,X064: Whirling Destinies,p,4,m,0,e,A,e,F,e,I,t,B,t,E,t,6,t,1,f,A,f,4,f,8,f,5,h,1,1,5,0,0,h,1,2,2,0,0,h,1,4,4,0,3,3,9,5,h,1,6,2,0,0,h,1,7,5,0,0,h,2,1,2,2,3,2,3,9,h,2,2,2,3,5,2,2,3,4,A,h,2,3,2,4,5,2,3,5,6,B,h,2,4,2,4,5,2,3,5,6,B,h,2,5,2,3,5,2,2,3,4,A,h,2,6,2,2,3,2,3,9,h,3,2,3,2,0,0,h,3,3,3,C,3,0,h,3,4,3,E,0,1,8,h,3,5,3,5,6,6,2,2,2,3,6,D,h,3,6,3,2,0,0,h,4,1,2,2,3,2,3,9,h,4,2,2,3,5,2,2,3,4,A,h,4,3,2,4,5,2,3,5,6,B,h,4,4,2,4,5,2,3,5,6,B,h,4,5,2,3,5,2,2,3,4,A,h,4,6,2,2,3,2,3,9,h,5,1,5,0,0,h,5,2,2,0,0,h,5,4,4,0,3,3,9,5,h,5,6,2,0,0,h,5,7,5,0,0,v,2,1,3,v,2,2,3,v,2,5,2,v,2,6,2,v,3,2,2,v,3,2,4,v,3,3,2,v,3,5,3,v,3,5,4,v,3,6,3,
v20,X072: Through the Altered Space,p,2,m,0,e,B,e,F,e,G,t,2,t,4,t,B,t,1,f,A,f,E,f,7,f,5,h,2,2,2,3,6,2,2,3,4,A,4,h,2,3,5,0,0,h,2,4,2,0,0,h,3,2,3,8,0,2,9,B,h,3,3,2,4,5,2,3,5,6,B,h,3,4,2,3,5,2,2,3,4,A,h,3,5,4,0,2,3,9,h,4,1,3,5,6,6,2,2,2,3,6,D,h,4,2,3,2,0,1,8,h,4,3,3,2,0,1,8,h,4,4,3,3,4,4,2,2,6,B,h,5,1,4,0,2,3,9,h,5,2,2,3,5,2,2,3,4,A,h,5,3,2,4,5,2,3,5,6,B,h,5,4,3,6,0,3,2,2,9,h,6,1,2,0,0,h,6,2,5,0,0,h,6,3,2,3,6,2,2,3,4,A,4,v,2,2,2,v,2,4,3,v,3,4,2,v,3,5,2,v,4,1,2,v,4,2,2,v,5,1,3,v,5,4,2,
v20,X073: Through the Altered Space,p,3,m,0,e,B,e,F,e,G,t,2,t,4,t,B,t,1,f,A,f,E,f,7,f,5,h,2,2,3,8,0,1,9,h,2,3,5,0,0,h,2,4,2,0,0,h,3,2,4,0,2,3,9,h,3,3,2,4,5,2,3,5,6,B,h,3,4,2,3,5,2,2,3,4,A,h,3,5,2,3,5,2,2,3,4,A,h,4,1,2,3,5,2,2,3,4,A,h,4,2,3,3,4,4,2,2,6,B,h,4,3,3,2,0,1,8,h,4,4,3,6,0,3,2,2,9,h,4,5,4,0,2,3,9,h,5,1,2,0,0,h,5,2,2,3,5,2,2,3,4,A,h,5,3,3,2,0,1,8,h,5,4,3,2,0,1,8,h,5,5,2,4,5,2,3,5,6,B,h,5,6,3,8,0,1,9,h,6,1,5,0,0,h,6,2,2,4,5,2,3,5,6,B,h,6,3,3,5,6,6,2,2,2,3,6,D,h,6,4,2,3,5,2,2,3,4,A,h,6,5,5,0,0,h,7,2,3,8,0,1,9,h,7,3,4,0,2,3,9,h,7,4,2,3,5,2,2,3,4,A,h,7,5,2,0,0,v,2,2,4,v,3,2,3,v,3,4,2,v,3,4,3,v,3,5,2,v,4,1,4,v,4,2,2,v,4,4,4,v,5,2,4,v,5,4,3,v,5,6,2,v,6,1,3,v,6,3,2,v,6,3,3,v,6,3,4,
v20,X074: Through the Altered Space,p,4,m,0,e,B,e,F,e,G,t,2,t,4,t,B,t,1,f,A,f,E,f,7,f,5,h,1,3,2,0,0,h,1,4,4,0,2,3,9,h,1,5,2,0,0,h,2,2,5,0,0,h,2,3,2,3,5,2,2,3,4,A,h,2,4,2,3,5,2,2,3,4,A,h,2,5,5,0,0,h,3,2,2,3,6,2,2,3,4,A,4,h,3,3,2,4,5,2,3,5,6,B,h,3,4,3,3,4,4,2,2,6,B,h,3,5,2,4,5,2,3,5,6,B,h,3,6,2,3,6,2,2,3,4,A,4,h,4,1,4,0,2,3,9,h,4,2,3,8,0,2,9,B,h,4,3,3,2,0,1,8,h,4,4,3,2,0,1,8,h,4,5,3,6,0,3,2,2,9,h,4,6,4,0,2,3,9,h,5,2,2,3,6,2,2,3,4,A,4,h,5,3,2,4,5,2,3,5,6,B,h,5,4,3,5,6,6,2,2,2,3,6,D,h,5,5,2,4,5,2,3,5,6,B,h,5,6,2,3,6,2,2,3,4,A,4,h,6,2,5,0,0,h,6,3,2,3,5,2,2,3,4,A,h,6,4,2,3,5,2,2,3,4,A,h,6,5,5,0,0,h,7,3,2,0,0,h,7,4,4,0,2,3,9,h,7,5,2,0,0,v,1,3,4,v,1,4,4,v,2,3,3,v,2,4,2,v,3,2,3,v,3,6,2,v,4,1,4,v,4,2,2,v,4,5,3,v,4,5,4,v,5,4,2,v,5,4,3,v,7,3,4,v,7,4,4,
v20,X082: Echoes of the Past,p,2,m,0,e,B,e,F,e,G,t,3,t,C,t,D,t,5,f,2,f,A,f,E,f,8,h,1,3,4,0,2,3,9,h,1,4,5,0,0,h,1,5,2,0,0,h,2,2,2,4,7,2,2,3,5,5,6,C,h,2,3,2,3,5,2,2,3,4,A,h,2,4,2,2,3,2,3,9,h,2,5,3,B,4,5,2,2,3,4,9,h,3,2,3,6,0,2,2,2,h,3,3,3,2,0,1,8,h,4,2,2,4,7,2,2,3,5,5,6,C,h,4,3,2,3,5,2,2,3,4,A,h,4,4,2,2,3,2,3,9,h,4,5,3,B,4,5,2,2,3,4,9,h,5,3,4,0,2,3,9,h,5,4,5,0,0,h,5,5,2,0,0,v,2,3,2,v,3,2,4,v,3,3,3,
v20,X083: Echoes of the Past,p,3,m,0,e,B,e,F,e,G,t,3,t,C,t,D,t,5,f,2,f,A,f,E,f,8,h,1,5,3,B,4,5,2,2,3,4,9,h,1,6,2,2,3,2,3,9,h,2,2,5,0,0,h,2,5,2,3,5,2,2,3,4,A,h,2,6,2,0,0,h,3,2,2,0,0,h,3,3,4,0,2,3,9,h,3,4,3,2,0,1,8,h,3,5,2,4,7,2,2,3,5,5,6,C,h,3,6,4,0,2,3,9,h,3,7,5,0,0,h,4,1,2,2,3,2,3,9,h,4,2,2,3,5,2,2,3,4,A,h,4,3,2,4,7,2,2,3,5,5,6,C,h,4,4,3,6,0,2,2,2,h,4,5,3,2,0,1,8,h,5,2,3,B,4,5,2,2,3,4,9,h,5,4,3,2,0,1,8,h,5,5,2,4,7,2,2,3,5,5,6,C,h,6,4,4,0,2,3,9,h,6,5,2,3,5,2,2,3,4,A,h,6,6,3,B,4,5,2,2,3,4,9,h,7,4,5,0,0,h,7,5,2,0,0,h,7,6,2,2,3,2,3,9,v,3,3,4,v,3,4,3,v,3,6,2,v,4,4,2,v,4,4,4,v,5,4,3,
v20,X084: Echoes of the Past,p,4,m,0,e,B,e,F,e,G,t,3,t,C,t,D,t,5,f,2,f,A,f,E,f,8,h,1,1,2,0,0,h,1,2,5,0,0,h,1,3,4,0,2,3,9,h,1,5,4,0,2,3,9,h,1,6,5,0,0,h,1,7,2,0,0,h,2,1,2,2,3,2,3,9,h,2,2,2,3,5,2,2,3,4,A,h,2,3,2,4,7,2,2,3,5,5,6,C,h,2,4,2,4,7,2,2,3,5,5,6,C,h,2,5,2,3,5,2,2,3,4,A,h,2,6,2,2,3,2,3,9,h,3,2,3,B,4,5,2,2,3,4,9,h,3,3,3,2,0,0,h,3,4,3,6,0,2,2,2,h,3,5,3,2,0,0,h,3,6,3,B,4,5,2,2,3,4,9,h,4,1,2,2,3,2,3,9,h,4,2,2,3,5,2,2,3,4,A,h,4,3,2,4,7,2,2,3,5,5,6,C,h,4,4,2,4,7,2,2,3,5,5,6,C,h,4,5,2,3,5,2,2,3,4,A,h,4,6,2,2,3,2,3,9,h,5,1,2,0,0,h,5,2,5,0,0,h,5,3,4,0,2,3,9,h,5,5,4,0,2,3,9,h,5,6,5,0,0,h,5,7,2,0,0,v,2,2,3,v,2,5,2,v,3,3,2,v,3,3,4,v,3,4,4,v,3,5,3,g,2,3,5,g,2,4,6,g,4,3,3,g,4,4,2,
v20,X092: Bastion of Resistance,p,2,m,0,e,C,e,G,e,H,t,4,t,C,t,9,t,7,f,D,f,F,f,6,f,8,h,1,3,5,0,0,h,2,2,2,0,0,h,2,3,2,3,5,2,2,3,4,A,h,3,2,3,8,0,1,9,h,3,3,2,2,3,2,3,9,h,3,4,4,0,2,3,9,h,4,1,3,C,3,0,h,4,2,2,4,5,2,3,5,6,B,h,4,3,3,D,4,6,2,2,3,5,6,B,h,5,2,3,8,0,1,9,h,5,3,2,2,3,2,3,9,h,5,4,4,0,2,3,9,h,6,2,2,0,0,h,6,3,2,3,5,2,2,3,4,A,h,7,3,5,0,0,v,2,3,3,v,4,2,4,v,5,4,2,g,4,3,4,
v20,X093: Bastion of Resistance,p,3,m,0,e,C,e,G,e,H,t,4,t,C,t,9,t,7,f,D,f,F,f,6,f,8,h,1,6,5,0,0,h,2,2,2,2,3,2,3,9,h,2,3,4,0,2,3,9,h,2,5,2,0,0,h,2,6,2,3,5,2,2,3,4,A,h,3,2,2,3,5,2,2,3,4,A,h,3,3,2,4,5,2,3,5,6,B,h,3,4,3,D,4,6,2,2,3,5,6,B,h,3,5,3,8,0,1,9,h,3,6,2,4,5,2,3,5,6,B,h,3,7,2,2,3,2,3,9,h,4,1,5,0,0,h,4,2,2,0,0,h,4,3,3,8,0,1,9,h,4,4,3,C,3,0,h,4,5,3,D,4,6,2,2,3,5,6,B,h,4,6,4,0,2,3,9,h,5,4,3,D,4,6,2,2,3,5,6,B,h,5,5,3,8,0,1,9,h,6,3,4,0,2,3,9,h,6,4,2,4,5,2,3,5,6,B,h,6,5,2,0,0,h,7,4,2,2,3,2,3,9,h,7,5,2,3,5,2,2,3,4,A,h,7,6,5,0,0,v,2,2,3,v,2,3,2,v,3,6,3,v,3,6,4,v,6,3,4,v,6,4,2,g,3,4,5,g,4,5,3,g,5,4,1,
v20,X094: Bastion of Resistance,p,4,m,0,e,C,e,G,e,H,t,4,t,C,t,9,t,7,f,D,f,F,f,6,f,8,h,1,2,5,0,0,h,1,5,5,0,0,h,2,1,2,3,5,2,2,3,4,A,h,2,2,2,0,0,h,2,4,2,0,0,h,2,5,2,3,5,2,2,3,4,A,h,3,1,4,0,2,3,9,h,3,2,2,2,3,2,3,9,h,3,3,3,8,0,1,9,h,3,4,3,8,0,1,9,h,3,5,2,2,3,2,3,9,h,3,6,4,0,2,3,9,h,4,1,3,D,4,6,2,2,3,5,6,B,h,4,2,2,4,5,2,3,5,6,B,h,4,3,3,C,3,0,h,4,4,2,4,5,2,3,5,6,B,h,4,5,3,D,4,6,2,2,3,5,6,B,h,5,1,4,0,2,3,9,h,5,2,2,2,3,2,3,9,h,5,3,3,8,0,1,9,h,5,4,3,8,0,1,9,h,5,5,2,2,3,2,3,9,h,5,6,4,0,2,3,9,h,6,1,2,3,5,2,2,3,4,A,h,6,2,2,0,0,h,6,4,2,0,0,h,6,5,2,3,5,2,2,3,4,A,h,7,2,5,0,0,h,7,5,5,0,0,v,2,1,2,v,2,5,3,v,3,3,4,v,4,1,4,v,4,4,4,v,5,1,3,v,5,3,4,v,5,6,2,g,4,1,1,g,4,5,4,
v20,X102: Kingdom Come,p,2,m,0,e,B,e,E,e,H,t,B,t,9,t,1,t,8,f,4,f,4,f,C,f,6,h,1,3,2,0,0,h,1,4,5,0,0,h,2,2,2,4,7,2,2,3,5,5,6,C,h,2,3,2,3,5,2,2,3,4,A,h,3,3,3,D,3,6,2,2,2,3,4,A,h,3,4,4,0,3,3,9,5,h,4,3,3,3,4,5,2,2,6,B,4,h,5,3,4,0,3,3,9,5,h,5,4,3,D,3,6,2,2,2,3,4,A,h,6,3,2,3,5,2,2,3,4,A,h,6,4,2,4,7,2,2,3,5,5,6,C,h,7,3,5,0,0,h,7,4,2,0,0,v,2,3,3,v,5,3,3,g,2,2,1,g,6,4,4,
v20,X103: Kingdom Come,p,3,m,0,e,B,e,E,e,H,t,B,t,9,t,1,t,8,f,4,f,4,f,C,f,6,h,2,2,5,0,0,h,2,5,2,4,7,2,2,3,5,5,6,C,h,2,6,2,0,0,h,3,2,2,0,0,h,3,3,2,3,5,2,2,3,4,A,h,3,4,4,0,2,3,9,h,3,5,3,D,3,6,2,2,2,3,4,A,h,3,6,2,3,5,2,2,3,4,A,h,3,7,5,0,0,h,4,2,2,4,7,2,2,3,5,5,6,C,h,4,3,3,D,3,6,2,2,2,3,4,A,h,4,4,3,3,4,5,2,2,6,B,4,h,4,5,4,0,2,3,9,h,5,4,4,0,2,3,9,h,5,5,3,D,3,6,2,2,2,3,4,A,h,6,4,2,3,5,2,2,3,4,A,h,6,5,2,4,7,2,2,3,5,5,6,C,h,7,4,5,0,0,h,7,5,2,0,0,v,3,3,4,v,3,6,2,v,5,4,3,g,2,5,6,g,4,2,2,g,6,5,4,
v20,X104: Kingdom Come,p,4,m,0,e,B,e,E,e,H,t,B,t,9,t,1,t,8,f,4,f,4,f,C,f,6,h,1,2,5,0,0,h,2,1,2,0,0,h,2,2,2,3,5,2,2,3,4,A,h,2,3,4,0,2,3,9,h,2,4,2,4,7,2,2,3,5,5,6,C,h,2,5,2,0,0,h,3,2,2,4,7,2,2,3,5,5,6,C,h,3,3,3,D,3,6,2,2,2,3,4,A,h,3,4,3,D,3,6,2,2,2,3,4,A,h,3,5,2,3,5,2,2,3,4,A,h,3,6,5,0,0,h,4,2,4,0,2,3,9,h,4,3,3,3,4,5,2,2,6,B,4,h,4,4,4,0,2,3,9,h,5,1,5,0,0,h,5,2,2,3,5,2,2,3,4,A,h,5,3,3,D,3,6,2,2,2,3,4,A,h,5,4,3,D,3,6,2,2,2,3,4,A,h,5,5,2,4,7,2,2,3,5,5,6,C,h,6,1,2,0,0,h,6,2,2,4,7,2,2,3,5,5,6,C,h,6,3,4,0,2,3,9,h,6,4,2,3,5,2,2,3,4,A,h,6,5,2,0,0,h,7,5,5,0,0,v,2,2,4,v,2,3,4,v,3,2,3,v,3,5,2,v,4,2,2,v,4,4,3,v,6,2,4,v,6,3,4,g,2,4,6,g,3,2,1,g,5,5,4,g,6,2,2,
v20,X112: Fractures of Space,p,2,m,0,e,C,e,E,e,H,t,3,t,B,t,E,t,8,f,2,f,D,f,9,f,1,h,1,4,5,0,0,h,2,2,2,3,5,2,2,3,4,A,h,2,3,2,0,0,h,2,4,2,2,3,2,3,9,h,3,2,4,0,2,3,9,h,3,5,2,4,5,2,3,5,6,B,h,4,1,3,5,6,7,2,2,2,3,6,D,4,h,4,2,3,2,0,1,8,h,4,3,3,6,0,3,2,2,4,h,4,4,3,2,0,1,8,h,4,5,3,3,4,5,2,2,6,B,4,h,5,2,2,4,5,2,3,5,6,B,h,5,5,4,0,2,3,9,h,6,2,2,2,3,2,3,9,h,6,3,2,0,0,h,6,4,2,3,5,2,2,3,4,A,h,7,3,5,0,0,
v20,X113: Fractures of Space,p,3,m,0,e,C,e,E,e,H,t,3,t,B,t,E,t,8,f,2,f,D,f,9,f,1,h,1,2,5,0,0,h,1,3,2,0,0,h,1,4,2,3,5,2,2,3,4,A,h,2,2,2,2,3,2,3,9,h,2,4,4,0,2,3,9,h,3,2,2,4,5,2,3,5,6,B,h,3,3,3,6,0,3,2,2,4,h,3,4,3,2,0,1,8,h,3,5,2,4,5,2,3,5,6,B,h,4,1,4,0,2,3,9,h,4,2,3,2,0,1,8,h,4,4,3,5,6,7,2,2,2,3,6,D,4,h,4,5,2,2,3,2,3,9,h,4,6,5,0,0,h,5,1,2,3,5,2,2,3,4,A,h,5,3,3,3,4,5,2,2,6,B,4,h,5,4,3,2,0,1,8,h,5,6,2,0,0,h,6,1,2,0,0,h,6,2,2,2,3,2,3,9,h,6,3,2,4,5,2,3,5,6,B,h,6,4,4,0,2,3,9,h,6,5,2,3,5,2,2,3,4,A,h,7,2,5,0,0,v,2,2,3,v,4,4,4,v,5,3,2,
v20,X114: Fractures of Space,p,4,m,0,e,C,e,E,e,H,t,3,t,B,t,E,t,8,f,2,f,D,f,9,f,1,h,1,2,5,0,0,h,1,5,2,3,5,2,2,3,4,A,h,1,6,2,0,0,h,1,7,5,0,0,h,2,1,2,0,0,h,2,2,2,2,3,2,3,9,h,2,3,2,4,6,2,3,5,6,B,4,h,2,4,4,0,2,3,9,h,2,6,2,2,3,2,3,9,h,3,2,2,3,5,2,2,3,4,A,h,3,4,3,2,0,1,8,h,3,5,3,3,4,5,2,2,6,B,4,h,3,6,2,4,5,2,3,5,6,B,h,4,2,4,0,2,3,9,h,4,3,3,2,0,1,8,h,4,5,3,2,0,1,8,h,4,6,4,0,2,3,9,h,5,3,2,4,5,2,3,5,6,B,h,5,4,3,6,0,3,2,2,4,h,5,5,3,E,0,1,8,h,5,7,2,3,5,2,2,3,4,A,h,6,2,2,2,3,2,3,9,h,6,4,4,0,2,3,9,h,6,5,2,4,6,2,3,5,6,B,4,h,6,6,2,2,3,2,3,9,h,6,7,2,0,0,h,7,2,5,0,0,h,7,3,2,0,0,h,7,4,2,3,5,2,2,3,4,A,h,7,7,5,0,0,v,2,2,2,v,5,7,2,
v20,X122: Supply Shortages,p,2,m,0,e,B,e,E,e,H,t,C,t,11,t,13,t,5,f,12,f,F,f,6,f,10,h,1,3,4,0,2,3,9,h,1,4,3,2,0,1,8,h,1,5,3,B,4,5,2,2,3,4,9,h,2,1,2,0,0,h,2,2,2,3,5,2,2,3,4,A,h,2,3,2,4,7,2,2,3,5,5,6,C,h,2,4,3,J,0,3,2,2,A,h,3,2,5,0,0,h,3,3,3,8,0,1,9,h,3,4,3,2,0,1,8,h,3,5,3,8,0,1,9,h,3,6,5,0,0,h,4,3,3,F,0,7,2,2,2,2,4,4,B,h,4,4,2,4,7,2,2,3,5,5,6,C,h,4,5,2,3,5,2,2,3,4,A,h,4,6,2,0,0,h,5,3,3,C,3,0,h,5,4,3,2,0,1,8,h,5,5,4,0,2,3,9,v,1,4,3,v,3,3,4,v,3,4,4,v,4,3,3,
v20,X123: Supply Shortages,p,3,m,0,e,C,e,E,e,H,t,C,t,11,t,13,t,5,f,12,f,F,f,6,f,10,h,1,2,2,0,0,h,2,1,5,0,0,h,2,2,2,3,5,2,2,3,4,A,h,2,3,4,0,2,3,9,h,2,4,3,B,4,5,2,2,3,4,9,h,3,2,3,8,0,1,9,h,3,3,2,4,7,2,2,3,5,5,6,C,h,3,4,3,2,0,1,8,h,3,5,3,8,0,1,9,h,3,6,5,0,0,h,4,1,3,J,0,3,2,2,A,h,4,2,3,2,0,1,8,h,4,3,3,F,0,7,2,2,2,2,4,4,B,h,4,4,2,4,7,2,2,3,5,5,6,C,h,4,5,2,3,5,2,2,3,4,A,h,4,6,2,0,0,h,5,2,4,0,2,3,9,h,5,3,2,4,7,2,2,3,5,5,6,C,h,5,4,3,2,0,1,8,h,5,5,4,0,2,3,9,h,6,2,2,3,5,2,2,3,4,A,h,6,3,3,8,0,1,9,h,6,4,3,C,3,0,h,7,2,2,0,0,h,7,3,5,0,0,v,3,2,3,v,3,4,2,v,3,4,4,v,4,2,4,v,4,3,3,v,5,4,2,
v20,X124: Supply Shortages,p,4,m,0,e,C,e,E,e,H,t,C,t,11,t,13,t,5,f,12,f,F,f,6,f,10,h,1,3,2,0,0,h,1,4,2,3,5,2,2,3,4,A,h,1,5,4,0,2,3,9,h,1,6,3,2,0,1,8,h,2,3,5,0,0,h,2,4,3,8,0,2,9,4,h,2,5,3,C,3,0,h,2,6,4,0,2,3,9,h,3,3,2,3,6,2,3,5,6,A,6,h,3,4,2,5,7,2,2,3,4,5,6,C,h,3,5,3,J,0,3,2,2,A,h,3,6,3,8,0,2,9,4,h,3,7,2,3,5,2,2,3,4,A,h,4,1,2,0,0,h,4,2,5,0,0,h,4,3,2,5,7,2,2,3,4,5,6,C,h,4,4,3,2,0,1,8,h,4,5,2,5,7,2,2,3,4,5,6,C,h,4,6,5,0,0,h,4,7,2,0,0,h,5,2,2,3,5,2,2,3,4,A,h,5,3,3,8,0,2,9,4,h,5,4,3,F,0,7,2,2,2,2,4,4,B,h,5,5,2,5,7,2,2,3,4,5,6,C,h,5,6,2,3,6,2,3,5,6,A,6,h,6,2,4,0,2,3,9,h,6,3,3,B,4,5,2,2,3,4,9,h,6,4,3,8,0,2,9,4,h,6,5,5,0,0,h,7,3,3,2,0,1,8,h,7,4,4,0,2,3,9,h,7,5,2,3,5,2,2,3,4,A,h,7,6,2,0,0,v,1,6,2,v,2,3,3,v,3,5,2,v,4,2,4,v,4,4,2,v,4,5,4,v,5,5,3,v,6,3,2,
v20,X132: Untapped Potential,p,2,m,0,e,A,e,F,e,M,t,A,t,9,t,14,t,10,f,F,f,E,f,7,f,13,h,1,5,4,0,3,3,9,4,h,1,6,2,3,5,2,3,5,6,A,h,1,7,5,0,0,h,2,3,3,H,0,2,4,4,h,2,4,3,9,3,1,3,h,2,5,2,2,3,2,3,9,h,2,6,2,0,0,h,3,2,2,3,5,2,2,3,4,A,h,3,3,3,2,0,1,8,h,3,4,3,I,2,5,2,2,2,3,D,h,3,5,3,2,0,1,8,h,3,6,2,3,5,2,2,3,4,A,h,4,1,2,0,0,h,4,2,2,2,3,2,3,9,h,4,3,3,9,3,1,3,h,4,4,3,G,3,4,2,3,4,A,h,5,1,5,0,0,h,5,2,2,3,5,2,3,5,6,A,h,5,3,4,0,3,3,9,4,v,1,5,4,v,2,5,2,v,3,3,2,v,5,2,4,
v20,X133: Untapped Potential,p,3,m,0,e,A,e,F,e,M,t,A,t,9,t,14,t,10,f,F,f,E,f,7,f,13,h,1,1,5,0,0,h,1,2,2,0,0,h,1,3,2,3,5,2,2,3,4,A,h,1,4,3,9,3,1,3,h,2,1,2,3,5,2,3,5,6,A,h,2,2,2,2,3,2,3,9,h,2,3,3,2,0,1,8,h,2,4,4,0,2,3,9,h,2,5,2,3,5,2,3,5,6,A,h,2,6,5,0,0,h,3,2,4,0,2,3,9,h,3,3,3,I,2,5,2,2,2,3,D,h,3,4,3,G,3,4,2,3,4,A,h,3,5,2,2,3,2,3,9,h,3,6,2,0,0,h,4,1,3,9,3,1,3,h,4,2,3,2,0,1,8,h,4,3,3,H,0,2,4,4,h,4,4,3,2,0,1,8,h,4,5,2,3,5,2,2,3,4,A,h,5,2,2,3,5,2,2,3,4,A,h,5,3,2,2,3,2,3,9,h,5,4,4,0,2,3,9,h,5,5,3,9,3,1,3,h,6,2,2,0,0,h,6,3,2,3,5,2,3,5,6,A,h,7,3,5,0,0,v,2,1,3,v,2,2,4,v,2,4,4,v,3,5,2,v,4,2,3,v,5,4,2,
v20,X134: Untapped Potential,p,4,m,0,e,A,e,F,e,M,t,A,t,9,t,14,t,10,f,F,f,E,f,7,f,13,h,1,3,5,0,0,h,1,4,2,3,5,2,3,5,6,A,h,2,3,2,0,0,h,2,4,2,2,3,2,3,9,h,2,5,4,0,3,3,9,4,h,2,6,2,3,5,2,3,5,6,A,h,2,7,5,0,0,h,3,2,3,H,0,2,4,4,h,3,3,2,3,5,2,2,3,4,A,h,3,4,3,9,3,1,3,h,3,5,2,5,7,2,2,3,4,5,6,C,h,3,6,2,2,3,2,3,9,h,3,7,2,0,0,h,4,2,2,3,5,2,2,3,4,A,h,4,3,3,2,0,1,8,h,4,4,3,I,2,5,2,2,2,3,D,h,4,5,3,2,0,1,8,h,4,6,2,3,5,2,2,3,4,A,h,5,2,2,0,0,h,5,3,2,2,3,2,3,9,h,5,4,2,5,7,2,2,3,4,5,6,C,h,5,5,3,9,3,1,3,h,5,6,2,3,5,2,2,3,4,A,h,5,7,3,G,3,4,2,3,4,A,h,6,1,5,0,0,h,6,2,2,3,5,2,3,5,6,A,h,6,3,4,0,3,3,9,4,h,6,4,2,2,3,2,3,9,h,6,5,2,0,0,h,7,5,2,3,5,2,3,5,6,A,h,7,6,5,0,0,v,2,3,3,v,2,5,4,v,3,3,4,v,3,6,2,v,4,3,2,v,5,5,3,v,5,5,4,v,6,2,4,
v20,X142: New Frontiers,p,2,m,0,e,C,e,E,e,G,t,2,t,F,t,12,t,1,f,4,f,D,f,11,f,14,h,1,2,5,0,0,h,2,1,2,0,0,h,2,2,2,2,3,2,3,9,h,2,3,4,0,2,3,9,h,3,1,2,3,5,2,2,3,4,A,h,3,2,3,E,0,1,8,h,3,3,3,I,2,5,2,2,2,3,D,h,3,4,3,2,0,0,h,4,1,3,H,0,2,4,4,h,4,2,2,5,7,2,2,3,4,5,6,C,h,4,3,2,5,7,2,2,3,4,5,6,C,h,4,4,3,J,0,3,2,2,A,h,5,2,3,2,0,0,h,5,3,3,F,0,7,2,2,2,2,4,4,B,h,5,4,3,E,0,1,8,h,5,5,2,3,5,2,2,3,4,A,h,6,2,4,0,2,3,9,h,6,3,2,2,3,2,3,9,h,6,4,2,0,0,h,7,4,5,0,0,v,2,1,3,v,3,4,2,v,4,2,2,v,5,4,3,
v20,X143: New Frontiers,p,3,m,0,e,C,e,E,e,G,t,2,t,F,t,12,t,1,f,4,f,D,f,11,f,14,h,1,3,5,0,0,h,1,6,2,5,8,2,2,3,4,5,6,C,5,h,1,7,3,I,2,5,2,2,2,3,D,h,2,2,2,0,0,h,2,3,2,2,3,2,3,9,h,2,4,4,0,2,3,9,h,2,6,3,E,0,1,8,h,2,7,2,5,8,2,2,3,4,5,6,C,5,h,3,2,2,3,5,2,2,3,4,A,h,3,3,3,2,0,1,8,h,3,4,3,J,0,3,2,2,A,h,3,5,2,3,5,2,2,3,4,A,h,4,1,4,0,2,3,9,h,4,2,3,H,0,2,4,4,h,4,3,3,E,0,1,8,h,4,4,3,2,0,1,8,h,4,5,2,0,0,h,5,2,2,2,3,2,3,9,h,5,3,3,2,0,1,8,h,5,4,3,F,0,7,2,2,2,2,4,4,B,h,5,5,2,2,3,2,3,9,h,5,6,5,0,0,h,6,1,5,0,0,h,6,2,2,0,0,h,6,3,2,3,5,2,2,3,4,A,h,6,4,4,0,2,3,9,v,2,2,3,v,3,3,3,v,4,3,2,v,4,3,4,v,4,4,4,v,5,3,2,
v20,X144: New Frontiers,p,4,m,0,e,C,e,E,e,G,t,2,t,F,t,12,t,1,f,4,f,D,f,11,f,14,h,1,3,5,0,0,h,1,4,4,0,2,3,9,h,1,5,2,4,6,2,3,5,6,B,5,h,2,2,2,0,0,h,2,3,2,2,3,2,3,9,h,2,4,2,3,5,2,2,3,4,A,h,2,5,2,0,0,h,2,6,5,0,0,h,3,2,2,3,5,2,2,3,4,A,h,3,3,3,E,0,1,8,h,3,4,3,I,2,5,2,2,2,3,D,h,3,5,3,2,0,1,8,h,3,6,2,2,3,2,3,9,h,3,7,4,0,2,3,9,h,4,1,2,4,6,2,3,5,6,B,5,h,4,2,3,H,0,2,4,4,h,4,3,2,5,8,2,2,3,4,5,6,C,5,h,4,4,2,5,8,2,2,3,4,5,6,C,5,h,4,5,3,J,0,3,2,2,A,h,4,6,2,4,6,2,3,5,6,B,5,h,5,1,4,0,2,3,9,h,5,2,2,2,3,2,3,9,h,5,3,3,2,0,1,8,h,5,4,3,F,0,7,2,2,2,2,4,4,B,h,5,5,3,E,0,1,8,h,5,6,2,3,5,2,2,3,4,A,h,6,1,5,0,0,h,6,2,2,0,0,h,6,3,2,3,5,2,2,3,4,A,h,6,4,2,2,3,2,3,9,h,6,5,2,0,0,h,7,3,2,4,6,2,3,5,6,B,5,h,7,4,4,0,2,3,9,h,7,5,5,0,0,v,1,3,4,v,1,5,3,v,2,2,3,v,2,5,2,v,2,6,3,v,5,1,3,v,5,3,2,v,5,5,3,v,6,2,3,v,7,4,4,
v20,X152: Too Close for Comfort,p,2,m,0,e,F,e,I,e,M,t,F,t,7,t,10,t,5,f,A,f,C,f,12,f,13,h,1,2,3,G,3,5,2,3,4,A,O,h,1,3,4,0,2,3,9,h,2,1,3,4,3,6,2,2,3,6,A,O,h,2,2,2,4,6,2,3,5,6,B,Q,h,2,3,3,D,4,7,2,2,3,5,6,B,P,h,2,4,5,0,0,h,2,5,2,0,0,h,3,2,2,3,5,2,2,3,4,A,h,3,3,3,2,0,1,8,h,3,4,3,2,0,1,8,h,3,5,2,3,5,2,2,3,4,A,h,4,1,2,0,0,h,4,2,5,0,0,h,4,3,3,D,4,7,2,2,3,5,6,B,P,h,4,4,2,4,6,2,3,5,6,B,Q,h,4,5,3,5,6,7,2,2,2,3,6,D,O,h,5,4,4,0,2,3,9,h,5,5,3,6,0,3,2,2,O,h,6,2,3,2,0,1,N,v,1,2,2,v,2,2,3,v,3,4,3,v,4,5,2,
v20,X153: Too Close for Comfort,p,3,m,0,e,F,e,I,e,M,t,F,t,7,t,10,t,5,f,A,f,C,f,12,f,13,h,1,2,2,0,0,h,1,3,2,3,5,2,2,3,4,A,h,1,4,4,0,2,3,9,h,2,1,2,4,6,2,3,5,6,B,Q,h,2,2,5,0,0,h,2,3,3,D,4,7,2,2,3,5,6,B,P,h,2,4,2,4,6,2,3,5,6,B,Q,h,3,1,4,0,2,3,9,h,3,2,3,D,4,7,2,2,3,5,6,B,P,h,3,3,3,2,0,1,8,h,3,4,5,0,0,h,3,5,2,0,0,h,4,1,2,3,5,2,2,3,4,A,h,4,2,5,0,0,h,4,3,3,D,4,7,2,2,3,5,6,B,P,h,4,4,2,3,5,2,2,3,4,A,h,5,2,2,0,0,h,5,3,2,4,6,2,3,5,6,B,Q,h,5,4,4,0,2,3,9,h,5,6,2,5,8,2,2,3,4,5,6,C,O,h,5,7,3,4,3,5,2,2,3,6,A,h,6,5,3,G,3,4,2,3,4,A,h,6,6,3,2,0,1,8,h,6,7,3,6,0,2,2,2,h,7,4,3,2,0,1,N,h,7,6,3,5,6,6,2,2,2,3,6,D,h,7,7,2,5,8,2,2,3,4,5,6,C,O,v,5,6,3,v,6,6,3,
v20,X154: Too Close for Comfort,p,4,m,0,e,F,e,I,e,M,t,F,t,7,t,10,t,5,f,A,f,C,f,12,f,13,h,1,4,4,0,2,3,9,h,2,2,2,0,0,h,2,3,2,3,5,2,2,3,4,A,h,2,4,2,3,5,2,2,3,4,A,h,2,5,2,0,0,h,3,1,3,G,3,5,2,3,4,A,O,h,3,2,2,4,6,2,3,5,6,B,Q,h,3,3,5,0,0,h,3,4,3,D,4,7,2,2,3,5,6,B,P,h,3,5,5,0,0,h,3,6,2,4,6,2,3,5,6,B,Q,h,3,7,3,5,6,7,2,2,2,3,6,D,O,h,4,1,4,0,2,3,9,h,4,2,3,D,4,7,2,2,3,5,6,B,P,h,4,3,3,2,0,1,8,h,4,4,3,2,0,1,8,h,4,5,3,D,4,7,2,2,3,5,6,B,P,h,4,6,4,0,2,3,9,h,5,1,3,4,3,6,2,2,3,6,A,O,h,5,2,2,4,6,2,3,5,6,B,Q,h,5,3,5,0,0,h,5,4,3,D,4,7,2,2,3,5,6,B,P,h,5,5,5,0,0,h,5,6,2,4,6,2,3,5,6,B,Q,h,5,7,3,6,0,3,2,2,O,h,6,2,2,0,0,h,6,3,2,3,5,2,2,3,4,A,h,6,4,2,3,5,2,2,3,4,A,h,6,5,2,0,0,h,7,4,4,0,2,3,9,h,7,7,3,2,0,1,N,