v20,C011: First Stand,p,1,m,1,s,2,a,b,h,2,2,2,2,4,2,3,4,9,h,2,3,2,0,0,h,2,4,5,0,0,h,3,2,2,4,9,2,2,3,5,5,6,C,8,2,h,3,3,2,3,6,2,2,3,5,A,8,h,3,4,2,3,6,2,2,3,5,A,8,h,4,1,3,A,0,3,2,2,2,h,4,2,2,2,5,2,3,4,9,8,h,4,3,2,4,6,2,3,5,6,B,5,h,4,4,4,0,2,3,9,v,2,2,2,v,3,2,3,v,3,3,2,
v20,C012: First Stand,p,2,m,1,s,2,a,b,h,2,1,4,0,2,3,9,h,2,2,2,2,4,2,3,4,9,h,2,3,2,0,0,h,2,4,5,0,0,h,3,2,2,4,8,2,2,3,5,5,6,C,8,h,3,3,2,4,6,2,3,5,6,B,8,h,3,4,2,3,6,2,2,3,5,A,8,h,3,5,5,0,0,h,4,2,3,A,0,3,2,2,2,h,4,3,2,4,6,2,3,5,6,B,8,h,4,4,2,0,0,h,5,3,2,5,8,2,2,3,4,5,6,C,8,h,5,4,2,2,4,2,3,4,9,h,6,3,4,0,2,3,9,v,2,2,2,v,3,3,2,v,4,2,4,v,5,3,4,
v20,C013: First Stand,p,3,m,1,s,3,c,a,b,h,2,2,4,0,2,3,9,h,2,3,2,2,4,2,3,4,9,h,2,4,2,0,0,h,3,2,2,5,8,2,2,3,4,5,6,C,8,h,3,3,2,4,6,2,3,5,6,B,8,h,3,4,2,3,5,2,2,3,5,A,h,3,5,5,0,0,h,4,1,3,A,0,3,2,2,2,h,4,2,3,A,0,5,2,2,2,2,8,h,4,3,2,3,6,2,2,3,5,A,8,h,4,4,2,0,0,h,4,5,5,0,0,h,5,2,2,4,8,2,2,3,5,5,6,C,8,h,5,3,2,4,6,2,3,5,6,B,8,h,5,4,2,3,5,2,2,3,5,A,h,5,5,5,0,0,h,6,2,4,0,2,3,9,h,6,3,2,2,4,2,3,4,9,h,6,4,2,0,0,v,2,2,2,v,3,2,3,v,4,1,4,v,4,2,2,v,4,2,4,v,5,2,3,
v20,C014: First Stand,p,4,m,1,s,3,d,c,a,h,1,3,4,0,2,3,9,h,1,4,2,2,4,2,3,4,9,h,1,5,2,0,0,h,2,2,2,4,8,2,2,3,5,5,6,C,8,h,2,3,2,4,6,2,3,5,6,B,8,h,2,4,2,3,5,2,2,3,5,A,h,2,5,5,0,0,h,3,2,2,5,8,2,2,3,4,5,6,C,8,h,3,3,4,0,2,3,9,h,3,4,2,2,4,2,3,4,9,h,3,5,2,0,0,h,3,6,5,0,0,h,4,1,3,A,0,3,2,2,2,h,4,2,3,A,0,4,2,2,2,2,h,4,3,3,A,0,4,2,2,2,2,h,4,4,2,3,5,2,2,3,5,A,h,4,5,2,3,5,2,2,3,5,A,h,5,2,2,5,8,2,2,3,4,5,6,C,8,h,5,3,4,0,2,3,9,h,5,4,2,2,4,2,3,4,9,h,5,5,2,0,0,h,5,6,5,0,0,h,6,2,2,4,8,2,2,3,5,5,6,C,8,h,6,3,2,4,6,2,3,5,6,B,8,h,6,4,2,3,5,2,2,3,5,A,h,6,5,5,0,0,h,7,3,4,0,2,3,9,h,7,4,2,2,4,2,3,4,9,h,7,5,2,0,0,v,2,2,3,v,2,3,2,v,3,2,4,v,3,4,2,v,4,1,4,v,4,2,4,v,4,3,3,v,4,3,4,v,5,2,4,v,5,3,2,v,5,3,3,
v20,C021: And One for All,p,1,m,1,s,2,c,a,h,2,1,3,A,0,3,2,2,2,h,2,2,2,4,9,2,2,3,5,5,6,C,8,2,h,2,3,3,C,3,0,h,3,1,2,5,8,2,2,3,4,5,6,C,8,h,3,2,2,3,6,2,2,3,5,A,5,h,3,3,3,D,3,7,2,2,2,3,4,A,8,h,3,4,4,0,3,3,9,4,h,4,1,2,3,6,2,2,3,5,A,8,h,4,2,2,3,5,2,2,3,5,A,h,4,3,2,0,0,h,5,2,3,8,0,1,9,h,5,3,5,0,0,v,2,1,3,v,3,1,4,v,3,2,3,v,3,3,4,
v20,C022: And One for All,p,2,m,1,s,3,c,a,b,h,2,2,2,5,8,2,2,3,4,5,6,C,5,h,2,3,3,A,0,3,2,2,2,h,2,4,3,C,3,0,h,3,2,2,4,6,2,3,5,6,B,8,h,3,3,2,4,8,2,2,3,5,5,6,C,8,h,3,4,2,3,6,2,2,3,5,A,8,h,3,5,3,D,3,7,2,2,2,3,4,A,8,h,4,1,3,D,3,7,2,2,2,3,4,A,8,h,4,2,2,3,5,2,2,3,5,A,h,4,3,3,8,0,1,9,h,4,4,2,3,5,2,2,3,5,A,h,4,5,4,0,3,3,9,4,h,5,1,4,0,4,3,9,4,4,h,5,2,2,0,0,h,5,3,5,0,0,h,5,4,5,0,0,h,5,5,2,0,0,v,2,3,3,v,2,3,4,v,3,3,2,
v20,C023: And One for All,p,3,m,1,s,3,d,e,a,h,1,4,2,4,6,2,3,5,6,B,4,h,1,5,4,0,2,3,9,h,2,2,3,A,0,4,2,2,2,2,h,2,3,2,4,8,2,2,3,5,5,6,C,8,h,2,4,3,D,3,6,2,2,2,3,4,A,h,2,5,2,0,0,h,3,2,2,5,8,2,2,3,4,5,6,C,8,h,3,3,3,A,0,4,2,2,2,8,h,3,4,2,4,6,2,3,5,6,B,8,h,3,5,2,3,5,2,2,3,5,A,h,3,6,5,0,0,h,4,2,2,4,6,2,3,5,6,B,8,h,4,3,3,C,3,0,h,4,4,2,3,6,2,2,3,5,A,8,h,4,5,3,D,3,7,2,2,2,3,4,A,R,h,4,6,3,8,0,2,9,4,h,5,2,3,D,3,6,2,2,2,3,4,A,h,5,3,2,3,5,2,2,3,5,A,h,5,4,3,8,0,1,9,h,5,5,2,3,5,2,2,3,5,A,h,5,6,4,0,2,3,9,h,6,1,4,0,3,3,9,4,h,6,2,2,0,0,h,6,3,5,0,0,h,6,4,5,0,0,h,6,5,2,0,0,v,2,2,3,v,2,3,4,v,2,4,4,v,3,3,2,v,3,3,4,v,3,5,2,v,3,6,2,v,4,3,2,v,4,3,3,
v20,C024: And One for All,p,4,m,1,s,3,d,e,c,h,1,3,3,D,3,7,2,2,2,3,4,A,R,h,1,4,4,0,2,3,9,h,1,5,2,0,0,h,2,2,2,5,8,2,2,3,4,5,6,C,8,h,2,3,2,4,6,2,3,5,6,B,R,h,2,4,2,3,5,2,2,3,5,A,h,2,5,5,0,0,h,3,1,3,A,0,4,2,2,2,2,h,3,2,3,A,0,4,2,2,2,2,h,3,3,2,4,8,2,2,3,5,5,6,C,8,h,3,4,3,D,3,7,2,2,2,3,4,A,R,h,3,5,3,8,0,1,9,h,3,6,5,0,0,h,4,1,2,5,8,2,2,3,4,5,6,C,8,h,4,2,3,A,0,4,2,2,2,8,h,4,3,2,4,6,2,3,5,6,B,8,h,4,4,2,3,6,2,2,3,5,A,R,h,4,5,2,3,5,2,2,3,5,A,h,4,6,2,0,0,h,5,2,3,D,3,7,2,2,2,3,4,A,R,h,5,3,3,C,3,1,8,h,5,4,3,D,3,7,2,2,2,3,4,A,R,h,5,5,3,8,0,1,9,h,5,6,4,0,3,3,9,4,h,6,1,3,8,0,1,9,h,6,2,2,3,5,2,2,3,5,A,h,6,3,3,8,0,1,9,h,6,4,2,3,5,2,2,3,5,A,h,6,5,4,0,3,3,9,4,h,7,1,4,0,3,3,9,4,h,7,2,2,0,0,h,7,3,5,0,0,h,7,4,5,0,0,h,7,5,2,0,0,v,1,3,3,v,2,3,3,v,3,2,3,v,3,2,4,v,3,4,2,v,4,2,2,v,4,2,4,v,4,3,3,v,5,3,2,v,5,3,3,
v20,C031: Darkest Hour,p,1,m,1,s,1,c,h,2,1,3,A,0,3,2,2,2,h,2,2,2,4,6,2,3,5,6,B,8,h,2,3,2,4,8,2,2,3,5,5,6,C,R,h,3,2,3,4,3,6,2,2,3,6,A,R,h,3,3,3,D,3,7,2,2,2,3,4,A,8,h,3,4,3,8,0,2,9,4,h,4,1,2,4,7,2,3,5,6,B,4,8,h,4,2,2,4,6,2,3,5,6,B,2,h,4,3,2,3,5,2,2,3,5,A,h,4,4,5,0,0,h,5,2,3,A,0,5,2,2,2,B,8,h,5,3,4,0,2,3,9,h,5,4,2,0,0,v,2,2,3,v,3,2,3,v,3,3,3,v,5,2,4,
v20,C032: Darkest Hour,p,2,m,1,s,2,c,a,h,2,1,3,A,0,5,2,2,2,B,8,h,2,2,2,5,9,2,2,3,4,5,6,C,8,5,h,2,3,2,3,6,2,2,3,5,A,A,h,2,4,2,0,0,h,3,1,3,A,0,3,2,2,2,h,3,2,3,4,3,6,2,2,3,6,A,R,h,3,3,3,D,3,7,2,2,2,3,4,A,8,h,3,4,2,3,5,2,2,3,5,A,h,3,5,5,0,0,h,4,1,2,4,8,2,2,3,5,5,6,C,8,h,4,2,2,4,6,2,3,5,6,B,8,h,4,3,3,8,0,2,9,4,h,4,4,4,0,2,3,9,h,5,2,2,4,6,2,3,5,6,B,R,h,5,3,2,3,5,2,2,3,5,A,h,5,4,5,0,0,h,6,2,4,0,2,3,9,h,6,3,2,0,0,v,3,2,4,v,4,1,3,
v20,C033: Darkest Hour,p,3,m,1,s,2,d,c,h,1,3,2,0,0,h,1,4,5,0,0,h,2,1,3,A,0,3,2,2,2,h,2,2,2,4,7,2,3,5,6,B,6,4,h,2,3,2,3,5,2,2,3,5,A,h,2,4,4,0,2,3,9,h,3,2,2,5,8,2,2,3,4,5,6,C,8,h,3,3,3,D,4,7,2,2,3,5,6,B,8,h,3,4,2,3,5,2,2,3,5,A,h,3,5,2,0,0,h,4,1,3,A,0,5,2,2,2,B,8,h,4,2,3,4,3,6,2,2,3,6,A,R,h,4,3,3,8,0,3,9,8,4,h,4,4,2,3,5,2,2,3,5,A,h,4,5,5,0,0,h,5,2,2,5,8,2,2,3,4,5,6,C,8,h,5,3,3,D,4,7,2,2,3,5,6,B,8,h,5,4,2,3,6,2,2,3,5,A,R,h,5,5,4,0,2,3,9,h,6,1,3,A,0,3,2,2,2,h,6,2,2,4,6,2,3,5,6,B,R,h,6,3,2,3,5,2,2,3,5,A,h,6,4,5,0,0,h,7,3,4,0,2,3,9,h,7,4,2,0,0,v,2,2,2,v,3,2,3,v,4,2,2,v,4,3,4,v,6,2,3,
v20,C034: Darkest Hour,p,4,m,1,s,3,d,e,a,h,1,4,2,0,0,h,1,5,5,0,0,h,2,1,3,A,0,3,2,2,2,h,2,2,3,8,0,1,9,h,2,3,2,4,9,2,2,3,5,5,6,C,8,4,h,2,4,2,3,5,2,2,3,5,A,h,2,5,4,0,2,3,9,h,3,2,2,5,9,2,2,3,4,5,6,C,6,4,h,3,3,3,D,4,8,2,2,3,5,6,B,8,R,h,3,4,3,9,3,0,h,3,5,2,0,0,h,3,6,5,0,0,h,4,1,3,A,0,5,2,2,2,2,B,h,4,2,3,4,3,6,2,2,3,6,A,R,h,4,3,3,8,0,2,9,4,h,4,4,2,3,5,2,2,3,5,A,h,4,5,3,B,4,5,2,2,3,4,9,h,4,6,4,0,2,3,9,h,5,2,2,5,9,2,2,3,4,5,6,C,6,4,h,5,3,3,D,4,8,2,2,3,5,6,B,8,R,h,5,4,3,9,3,0,h,5,5,2,0,0,h,5,6,5,0,0,h,6,1,3,A,0,3,2,2,2,h,6,2,3,8,0,1,9,h,6,3,2,4,9,2,2,3,5,5,6,C,8,4,h,6,4,2,3,5,2,2,3,5,A,h,6,5,4,0,2,3,9,h,7,4,2,0,0,h,7,5,5,0,0,v,1,5,3,v,2,4,3,v,2,5,3,v,3,2,3,v,3,6,3,v,4,2,2,v,4,6,2,v,5,5,2,v,5,6,2,v,6,5,2,
v20,C041: Ancient Secrets,p,1,m,1,s,2,c,a,h,2,2,3,D,3,7,2,2,2,3,4,A,R,h,2,3,3,6,0,3,2,2,R,h,3,2,3,B,4,6,2,2,3,4,9,R,h,3,3,3,2,0,0,h,3,4,4,0,2,3,9,h,4,1,2,5,8,2,2,3,4,5,6,C,R,h,4,2,2,4,7,2,3,5,6,B,8,2,h,4,3,2,3,6,2,2,3,5,A,8,h,4,4,2,2,4,2,3,4,9,h,5,2,2,5,8,2,2,3,4,5,6,C,8,h,5,3,3,3,4,5,2,2,6,B,8,h,5,4,2,0,0,h,5,5,5,0,0,h,6,2,3,A,0,3,2,2,2,v,3,3,2,v,4,2,2,v,5,3,2,v,5,3,4,
v20,C042: Ancient Secrets,p,2,m,1,s,3,c,a,b,h,3,2,3,6,0,3,2,2,R,h,3,3,3,2,0,0,h,3,4,4,0,2,3,9,h,3,5,5,0,0,h,4,1,3,A,0,4,2,2,2,2,h,4,2,2,5,9,2,2,3,4,5,6,C,8,R,h,4,3,3,D,3,7,2,2,2,3,4,A,R,h,4,4,2,2,4,2,3,4,9,h,4,5,2,0,0,h,5,2,2,4,9,2,2,3,5,5,6,C,8,R,h,5,3,2,4,6,2,3,5,6,B,R,h,5,4,2,3,5,2,2,3,5,A,h,5,5,2,3,6,2,2,3,5,A,9,h,6,1,3,3,4,6,2,2,6,B,8,R,h,6,2,3,B,4,6,2,2,3,4,9,R,h,6,3,2,3,5,2,2,3,5,A,h,6,4,2,0,0,h,7,1,2,4,7,2,3,5,6,B,5,8,h,7,2,3,2,0,0,h,7,3,4,0,2,3,9,h,7,4,5,0,0,v,3,2,2,v,3,4,4,v,4,2,2,v,7,3,4,
v20,C043: Ancient Secrets,p,3,m,1,s,3,d,e,a,h,1,3,3,6,0,3,2,2,R,h,2,2,3,2,0,0,h,2,3,3,D,3,7,2,2,2,3,4,A,R,h,2,4,2,3,5,2,2,3,5,A,h,2,5,2,0,0,h,3,2,2,5,9,2,2,3,4,5,6,C,8,R,h,3,3,2,4,7,2,3,5,6,B,8,R,h,3,4,4,0,2,3,9,h,3,5,2,2,4,2,3,4,9,h,3,6,5,0,0,h,4,1,3,A,0,3,2,2,2,h,4,2,3,A,0,4,2,2,2,2,h,4,3,2,4,7,2,3,5,6,B,8,R,h,4,4,2,2,4,2,3,4,9,h,4,5,5,0,0,h,5,1,2,4,9,2,2,3,5,5,6,C,8,R,h,5,2,3,3,4,6,2,2,6,B,8,R,h,5,3,2,5,9,2,2,3,4,5,6,C,8,R,h,5,4,2,3,5,2,2,3,5,A,h,5,5,2,0,0,h,6,1,3,2,0,0,h,6,2,4,0,2,3,9,h,6,3,2,2,4,2,3,4,9,h,6,4,5,0,0,h,7,2,3,B,4,7,2,2,3,4,9,5,R,h,7,3,2,3,5,2,2,3,5,A,h,7,4,2,0,0,v,2,3,4,v,3,5,2,v,4,1,2,v,4,1,4,v,4,2,2,v,4,2,4,v,4,3,3,v,7,2,4,
v20,C044: Ancient Secrets,p,4,m,1,s,3,d,e,c,h,1,4,5,0,0,h,1,5,2,0,0,h,2,3,4,0,2,3,9,h,2,4,2,2,4,2,3,4,9,h,2,5,2,3,5,2,2,3,5,A,h,2,6,3,8,0,1,9,h,3,3,3,2,0,0,h,3,4,2,5,9,2,2,3,4,5,6,C,8,R,h,3,5,2,4,7,2,3,5,6,B,2,4,h,3,6,2,3,5,2,2,3,5,A,h,3,7,5,0,0,h,4,2,3,B,4,6,2,2,3,4,9,R,h,4,3,3,3,4,6,2,2,6,B,8,R,h,4,4,3,A,0,4,2,2,2,8,h,4,5,4,0,2,3,9,h,4,6,2,0,0,h,5,2,2,5,9,2,2,3,4,5,6,C,8,R,h,5,3,3,A,0,4,2,2,2,8,h,5,4,3,A,0,4,2,2,2,2,h,5,5,2,3,5,2,2,3,5,A,h,5,6,2,0,0,h,6,1,3,2,0,0,h,6,2,3,6,0,4,2,2,4,8,h,6,3,2,2,4,2,3,4,9,h,6,4,4,0,2,3,9,h,6,5,5,0,0,h,7,2,3,D,3,7,2,2,2,3,4,A,R,h,7,3,5,0,0,h,7,4,2,0,0,h,7,5,3,8,0,1,9,v,1,4,2,v,3,5,2,v,4,3,4,v,4,4,2,v,4,4,3,v,4,4,4,v,4,5,3,v,5,3,3,v,5,3,4,v,5,4,2,v,5,4,3,v,5,4,4,v,6,2,3,v,6,4,2,
v20,C051: Devil's Triangle,p,1,m,1,s,2,c,a,h,2,1,3,A,0,3,2,2,2,h,2,2,2,5,9,2,2,3,4,5,6,C,8,8,h,2,3,2,3,6,2,2,3,5,A,R,h,2,4,3,2,0,0,h,2,5,3,9,3,0,h,3,2,2,4,9,2,2,3,5,5,6,C,4,8,h,3,3,2,4,6,2,3,5,6,B,8,h,3,4,4,0,2,3,9,h,3,5,5,0,0,h,4,2,2,3,6,2,2,3,5,A,R,h,4,3,2,3,5,2,2,3,5,A,h,4,4,3,E,0,0,h,5,3,3,2,0,0,h,5,4,2,0,0,h,6,3,3,D,4,7,2,2,3,5,6,B,4,v,2,4,2,v,5,3,4,
v20,C052: Devil's Triangle,p,2,m,1,s,3,c,a,b,h,2,1,3,A,0,5,2,2,2,2,8,h,2,2,2,5,9,2,2,3,4,5,6,C,8,8,h,2,3,2,4,6,2,3,5,6,B,R,h,2,4,4,0,2,3,9,h,2,5,5,0,0,h,3,2,2,4,9,2,2,3,5,5,6,C,4,8,h,3,3,3,2,0,0,h,3,4,2,3,5,2,2,3,5,A,h,3,5,2,0,0,h,4,2,3,D,4,7,2,2,3,5,6,B,8,h,4,3,2,3,5,2,2,3,5,A,h,4,4,3,9,3,0,h,5,3,4,0,2,3,9,h,5,4,2,0,0,h,6,3,5,0,0,v,2,2,3,v,2,3,4,v,3,2,4,v,4,2,3,
v20,C053: Devil's Triangle,p,3,m,1,s,3,d,e,a,h,1,1,5,0,0,h,1,2,4,0,2,3,9,h,1,3,2,4,8,2,2,3,5,5,6,C,8,h,1,4,2,3,5,2,2,3,5,A,h,1,5,2,0,0,h,1,6,5,0,0,h,2,1,2,0,0,h,2,2,3,2,0,0,h,2,3,3,A,0,5,2,2,2,2,8,h,2,4,2,4,8,2,2,3,5,5,6,C,8,h,2,5,4,0,2,3,9,h,3,2,2,3,7,2,2,3,5,A,2,4,h,3,3,3,A,0,5,2,2,2,2,8,h,3,4,3,2,0,0,h,3,5,3,D,4,7,2,2,3,5,6,B,R,h,4,2,3,9,3,2,8,2,h,4,3,2,5,8,2,2,3,4,5,6,C,8,h,4,4,2,3,5,2,2,3,5,A,h,5,3,4,0,2,3,9,h,5,4,2,0,0,h,6,3,5,0,0,v,1,4,2,v,2,1,4,v,2,2,2,v,2,3,2,v,3,3,2,v,3,4,3,v,4,2,4,v,4,3,3,
v20,C054: Devil's Triangle,p,4,m,1,s,3,d,e,c,h,1,1,5,0,0,h,1,2,4,0,2,3,9,h,1,3,3,9,3,0,h,1,4,5,0,0,h,1,5,2,0,0,h,1,6,2,4,8,2,2,3,5,5,6,C,R,h,1,7,3,A,0,5,2,2,2,2,8,h,2,1,2,0,0,h,2,2,3,2,0,0,h,2,3,2,4,6,2,3,5,6,B,R,h,2,4,4,0,2,3,9,h,2,5,3,D,4,6,2,2,3,5,6,B,h,2,6,2,4,8,2,2,3,5,5,6,C,R,h,3,2,2,3,5,2,2,3,5,A,h,3,3,2,5,9,2,2,3,4,5,6,C,8,8,h,3,4,3,A,0,5,2,2,2,2,8,h,3,5,4,0,2,3,9,h,3,6,2,0,0,h,4,2,3,A,0,5,2,2,2,2,8,h,4,3,2,5,9,2,2,3,4,5,6,C,8,8,h,4,4,2,4,6,2,3,5,6,B,R,h,4,5,5,0,0,h,5,3,2,3,6,2,2,3,5,A,5,h,5,4,3,2,0,0,h,5,5,3,9,3,0,h,6,3,2,0,0,h,6,4,4,0,2,3,9,h,7,4,5,0,0,v,1,4,2,v,1,5,4,v,2,1,4,v,2,3,3,v,2,4,2,v,2,6,2,v,3,2,3,v,3,4,3,v,3,4,4,v,4,2,3,v,5,4,2,
v20,C061: When Darkness Fades,p,1,m,1,s,2,c,a,h,3,3,2,0,0,h,3,4,3,8,0,1,9,h,3,5,2,4,8,2,2,3,5,5,6,C,8,h,4,1,4,0,2,3,9,h,4,2,5,0,0,h,4,3,2,4,5,2,3,5,6,B,h,4,4,3,5,6,8,2,2,2,3,6,D,8,4,h,4,5,2,5,9,2,2,3,4,5,6,C,8,8,h,5,2,2,2,5,2,3,4,9,R,h,5,3,2,3,6,2,2,3,5,A,R,h,5,4,3,3,4,5,2,2,6,B,R,h,5,5,2,4,9,2,2,3,5,5,6,C,8,R,v,3,4,3,v,4,3,4,v,5,4,4,
v20,C062: When Darkness Fades,p,2,m,1,s,3,d,c,a,h,2,2,2,0,0,h,2,3,3,8,0,1,9,h,2,4,2,4,7,2,3,5,6,B,8,R,h,3,1,4,0,2,3,9,h,3,2,5,0,0,h,3,3,2,4,8,2,2,3,5,5,6,C,8,h,3,4,3,A,0,5,2,2,2,8,2,h,4,1,2,2,4,2,3,4,9,h,4,2,2,3,5,2,2,3,5,A,h,4,3,3,5,6,7,2,2,2,3,6,D,R,h,4,4,2,5,9,2,2,3,4,5,6,C,8,R,h,5,1,3,8,0,1,9,h,5,2,2,0,0,h,5,3,2,3,5,2,2,3,5,A,h,5,4,4,0,2,3,9,h,6,2,5,0,0,h,6,3,2,2,5,2,3,4,9,R,h,6,4,3,3,4,6,2,2,6,B,5,R,v,2,3,3,v,3,3,3,v,4,3,2,
v20,C063: When Darkness Fades,p,3,m,1,s,3,c,e,c,h,1,4,4,0,2,3,9,h,2,2,2,0,0,h,2,3,3,8,0,1,9,h,2,4,3,3,4,6,2,2,6,B,5,8,h,2,5,3,A,0,4,2,2,2,2,h,3,1,4,0,2,3,9,h,3,2,5,0,0,h,3,3,2,4,8,2,2,3,5,5,6,C,8,h,3,4,3,A,0,4,2,2,2,8,h,3,5,2,4,8,2,2,3,5,5,6,C,8,h,4,1,2,2,4,2,3,4,9,h,4,2,2,3,5,2,2,3,5,A,h,4,3,3,5,6,7,2,2,2,3,6,D,R,h,4,4,2,5,8,2,2,3,4,5,6,C,8,h,5,1,3,8,0,1,9,h,5,2,2,0,0,h,5,3,2,3,5,2,2,3,5,A,h,5,4,2,4,5,2,3,5,6,B,h,5,5,2,2,4,2,3,4,9,h,6,2,5,0,0,h,6,3,3,8,0,1,9,h,6,4,2,0,0,h,6,5,5,0,0,h,7,4,4,0,2,3,9,v,2,3,3,v,2,4,2,v,3,3,3,v,4,3,2,v,4,4,3,
v20,C064: When Darkness Fades,p,4,m,1,s,3,d,e,c,h,1,4,3,A,0,4,2,2,2,9,h,2,2,2,0,0,h,2,3,2,4,9,2,2,3,5,5,6,C,8,4,h,2,4,3,3,4,6,2,2,6,B,8,R,h,2,5,5,0,0,h,3,1,4,0,2,3,9,h,3,2,5,0,0,h,3,3,3,C,3,0,h,3,4,3,9,3,0,h,3,5,2,4,5,2,3,5,6,B,h,3,6,2,0,0,h,3,7,3,8,0,1,9,h,4,1,2,2,5,2,3,4,9,6,h,4,2,2,3,5,2,2,3,5,A,h,4,3,3,A,0,5,2,2,2,2,8,h,4,4,3,6,0,4,2,2,8,R,h,4,5,2,3,5,2,2,3,5,A,h,4,6,2,2,5,2,3,4,9,6,h,5,1,3,8,0,1,9,h,5,2,2,0,0,h,5,3,3,B,4,5,2,2,3,4,9,h,5,4,3,D,4,7,2,2,3,5,6,B,R,h,5,5,2,4,5,2,3,5,6,B,h,5,6,5,0,0,h,5,7,4,0,2,3,9,h,6,2,5,0,0,h,6,3,3,5,6,8,2,2,2,3,6,D,8,4,h,6,4,2,4,8,2,2,3,5,5,6,C,8,h,6,5,2,0,0,h,7,4,3,A,0,4,2,2,2,9,v,2,2,4,v,2,4,4,v,3,3,3,v,3,5,2,v,4,2,4,v,4,3,2,v,4,4,3,v,4,4,4,v,6,2,4,v,6,4,4,
v20,C071: Today is Not The Day,p,1,m,1,s,2,c,a,h,1,3,2,0,0,h,1,4,5,0,0,h,2,3,2,2,4,2,3,4,9,h,2,4,3,D,2,6,2,2,3,9,5,8,h,3,3,4,0,2,3,9,h,3,4,2,3,7,2,2,3,5,A,4,8,h,4,2,2,4,9,2,2,3,5,5,6,C,8,R,h,4,3,3,B,4,7,2,2,3,4,9,2,A,h,4,4,2,4,7,2,3,5,6,B,5,8,h,5,2,3,A,0,3,2,2,2,h,5,3,3,4,3,7,2,2,3,6,A,4,R,h,5,4,3,5,6,8,2,2,2,3,6,D,4,R,h,5,5,3,A,0,4,2,2,2,2,v,2,3,4,v,3,3,4,v,4,2,3,v,4,4,2,
v20,C072: Today is Not The Day,p,2,m,1,s,3,c,a,b,h,1,3,2,0,0,h,1,4,5,0,0,h,1,5,5,0,0,h,1,6,2,0,0,h,2,3,2,2,4,2,3,4,9,h,2,4,3,D,2,6,2,2,3,9,5,8,h,2,5,2,2,4,2,3,4,9,h,3,3,2,3,7,2,2,3,5,A,4,R,h,3,4,4,0,2,3,9,h,3,5,4,0,2,3,9,h,3,6,2,3,7,2,2,3,5,A,4,R,h,4,2,2,4,9,2,2,3,5,5,6,C,8,R,h,4,3,2,4,7,2,3,5,6,B,5,8,h,4,4,3,B,4,7,2,2,3,4,9,2,A,h,4,5,2,4,7,2,3,5,6,B,5,8,h,4,6,2,4,9,2,2,3,5,5,6,C,8,R,h,5,2,3,A,0,3,2,2,2,h,5,3,2,5,9,2,2,3,4,5,6,C,6,R,h,5,4,3,4,3,7,2,2,3,6,A,4,R,h,5,5,3,5,6,8,2,2,2,3,6,D,4,R,h,5,6,2,5,9,2,2,3,4,5,6,C,6,R,h,5,7,3,A,0,3,2,2,2,v,2,3,4,v,2,4,4,v,3,3,4,v,3,4,4,v,3,5,4,v,4,2,3,v,4,3,4,v,4,4,4,v,4,6,2,
v20,C073: Today is Not The Day,p,3,m,1,s,3,d,c,a,h,1,4,5,0,0,h,1,5,2,0,0,h,2,2,2,0,0,h,2,3,5,0,0,h,2,4,2,2,4,2,3,4,9,h,2,5,5,0,0,h,2,6,2,0,0,h,3,3,2,2,4,2,3,4,9,h,3,4,3,D,2,5,2,2,3,9,8,h,3,5,3,D,2,5,2,2,3,9,8,h,3,6,2,2,4,2,3,4,9,h,4,2,2,3,6,2,2,3,5,A,4,h,4,3,4,0,2,3,9,h,4,4,4,0,2,3,9,h,4,5,4,0,2,3,9,h,4,6,2,3,6,2,2,3,5,A,4,h,5,2,2,4,8,2,2,3,5,5,6,C,8,h,5,3,2,4,6,2,3,5,6,B,8,h,5,4,3,B,4,6,2,2,3,4,9,2,h,5,5,3,B,4,6,2,2,3,4,9,2,h,5,6,2,4,6,2,3,5,6,B,8,h,5,7,2,4,8,2,2,3,5,5,6,C,8,h,6,1,3,A,0,3,2,2,2,h,6,2,2,5,8,2,2,3,4,5,6,C,6,h,6,3,3,4,3,6,2,2,3,6,A,4,h,6,4,3,A,0,4,2,2,2,2,h,6,5,3,5,6,7,2,2,2,3,6,D,4,h,6,6,2,5,8,2,2,3,4,5,6,C,6,h,6,7,3,A,0,3,2,2,2,v,3,3,4,v,3,4,4,v,3,5,4,v,4,2,4,v,4,3,4,v,4,4,4,v,4,5,4,v,5,2,3,v,5,3,4,v,5,4,4,v,5,5,4,v,5,7,2,
v20,C081: Fall of Civilization,p,1,m,1,s,3,c,a,b,h,1,4,5,0,0,h,2,3,4,0,2,3,9,h,2,4,2,0,0,h,3,2,3,2,0,0,h,3,3,2,2,5,2,3,4,9,R,h,3,4,2,2,4,2,3,4,9,h,4,1,3,6,0,3,2,2,R,h,4,2,4,0,2,3,9,h,4,3,2,3,6,2,2,3,5,A,8,h,4,4,3,2,0,0,h,5,2,3,A,0,4,2,2,2,8,h,5,3,2,4,8,2,2,3,5,5,6,C,8,h,5,4,2,4,6,2,3,5,6,B,8,h,6,2,3,5,6,7,2,2,2,3,6,D,R,v,1,4,2,v,3,2,3,v,4,1,3,v,4,2,2,v,4,2,4,
v20,C082: Fall of Civilization,p,2,m,1,s,2,d,e,h,1,3,5,0,0,h,2,1,2,3,6,2,2,3,5,A,8,h,2,2,4,0,2,3,9,h,2,3,2,0,0,h,2,4,2,0,0,h,2,5,5,0,0,h,3,2,3,E,0,0,h,3,3,2,2,4,2,3,4,9,h,3,4,2,2,4,2,3,4,9,h,3,5,4,0,2,3,9,h,4,1,3,6,0,3,2,2,R,h,4,2,4,0,2,3,9,h,4,3,4,0,2,3,9,h,4,4,3,2,0,0,h,4,5,2,3,6,2,2,3,5,A,8,h,5,2,3,A,0,3,2,2,2,h,5,3,2,4,8,2,2,3,5,5,6,C,8,h,5,4,2,4,8,2,2,3,5,5,6,C,8,h,5,5,2,4,6,2,3,5,6,B,8,h,6,2,3,5,6,7,2,2,2,3,6,D,R,h,6,3,3,G,3,5,2,3,4,A,R,h,6,4,3,A,0,3,2,2,2,v,1,3,2,v,2,5,2,v,3,2,3,v,4,1,3,v,4,2,2,v,4,2,4,v,4,3,4,v,5,5,2,v,6,2,4,
v20,C083: Fall of Civilization,p,3,m,1,s,3,d,c,a,h,1,3,5,0,0,h,1,5,5,0,0,h,2,2,4,0,2,3,9,h,2,3,2,0,0,h,2,4,2,0,0,h,2,5,4,0,2,3,9,h,3,2,3,2,0,0,h,3,3,2,2,4,2,3,4,9,h,3,4,2,3,5,2,2,3,5,A,h,3,5,2,2,4,2,3,4,9,h,4,1,3,6,0,3,2,2,8,h,4,2,2,3,6,2,2,3,5,A,R,h,4,3,3,E,0,0,h,4,4,2,3,5,2,2,3,5,A,h,4,5,2,0,0,h,4,6,5,0,0,h,5,1,3,A,0,3,2,2,2,h,5,2,2,4,8,2,2,3,5,5,6,C,8,h,5,3,4,0,2,3,9,h,5,4,3,E,0,0,h,5,5,2,2,4,2,3,4,9,h,5,6,4,0,2,3,9,h,6,1,3,5,6,7,2,2,2,3,6,D,8,h,6,2,3,A,0,4,2,2,2,2,h,6,3,2,4,8,2,2,3,5,5,6,C,8,h,6,4,2,3,6,2,2,3,5,A,R,h,6,5,3,2,0,0,h,7,3,3,G,3,5,2,3,4,A,8,h,7,4,3,A,0,3,2,2,2,h,7,5,3,H,0,3,4,4,8,v,1,3,2,v,1,5,3,v,4,1,2,v,4,2,3,v,4,2,4,v,4,6,2,v,5,3,2,v,5,4,2,v,5,4,3,v,7,4,4,
v20,C084: Fall of Civilization,p,4,m,1,s,3,d,e,c,h,1,2,5,0,0,h,1,3,5,0,0,h,1,4,4,0,2,3,9,h,2,1,4,0,2,3,9,h,2,2,2,0,0,h,2,3,2,0,0,h,2,4,4,0,2,3,9,h,2,5,5,0,0,h,3,1,2,5,8,2,2,3,4,5,6,C,R,h,3,2,2,2,4,2,3,4,9,h,3,3,2,2,4,2,3,4,9,h,3,4,2,2,4,2,3,4,9,h,3,5,2,0,0,h,4,1,3,6,0,3,2,2,8,h,4,2,3,2,0,0,h,4,3,2,3,6,2,2,3,5,A,R,h,4,4,2,5,8,2,2,3,4,5,6,C,8,h,4,5,2,0,0,h,4,6,5,0,0,h,5,1,3,A,0,4,2,2,2,2,h,5,2,2,4,8,2,2,3,5,5,6,C,R,h,5,3,2,4,8,2,2,3,5,5,6,C,8,h,5,4,2,3,6,2,2,3,5,A,R,h,5,5,2,2,4,2,3,4,9,h,5,6,4,0,2,3,9,h,6,1,3,5,6,7,2,2,2,3,6,D,8,h,6,2,3,G,3,5,2,3,4,A,8,h,6,3,2,4,8,2,2,3,5,5,6,C,R,h,6,4,2,4,8,2,2,3,5,5,6,C,R,h,6,5,3,2,0,0,h,6,6,2,3,6,2,2,3,5,A,R,h,7,2,3,A,0,3,2,2,2,h,7,3,3,B,4,6,2,2,3,4,9,8,h,7,4,3,A,0,4,2,2,2,2,h,7,5,3,H,0,3,4,4,8,h,7,6,2,3,6,2,2,3,5,A,R,v,1,2,2,v,1,3,4,v,2,4,4,v,4,1,2,v,4,6,2,v,5,3,3,v,6,1,4,v,6,2,3,v,7,4,4,
v20,C091: Dying Breath,p,1,m,1,s,0,h,1,2,3,A,0,4,2,2,2,8,h,1,3,4,0,2,3,9,h,2,1,3,B,4,6,2,2,3,4,9,R,h,2,2,3,2,0,0,h,2,3,2,2,4,2,3,4,9,h,2,4,5,0,0,h,3,1,3,A,0,4,2,2,2,9,h,3,2,3,H,0,2,4,4,h,3,3,3,F,0,7,2,2,2,4,4,B,8,h,3,4,3,E,0,0,h,3,5,2,0,0,h,4,1,3,C,3,1,6,h,4,2,3,2,0,0,h,4,3,2,3,5,2,2,3,5,A,h,5,1,3,A,0,4,2,2,2,8,h,5,2,3,3,4,5,2,2,6,B,8,h,5,3,3,8,0,2,9,4,v,1,2,3,v,1,2,4,v,3,1,4,v,3,3,4,v,4,1,2,
v20,C092: Dying Breath,p,2,m,1,s,1,c,h,1,3,2,0,0,h,1,4,5,0,0,h,2,1,4,0,2,3,9,h,2,2,2,3,5,2,2,3,5,A,h,2,3,3,2,0,0,h,2,4,3,C,3,1,6,h,2,5,3,A,0,4,2,2,2,2,h,3,2,3,B,4,6,2,2,3,4,9,R,h,3,3,3,F,0,7,2,2,2,4,4,B,8,h,3,4,3,8,0,2,9,4,h,3,5,2,4,6,2,3,5,6,B,8,h,4,1,3,A,0,4,2,2,2,2,h,4,2,2,2,5,2,3,4,9,9,h,4,3,3,2,0,0,h,4,4,2,2,5,2,3,4,9,9,h,5,2,2,4,6,2,3,5,6,B,8,h,5,3,3,8,0,2,9,4,h,5,4,3,H,0,2,4,4,h,5,5,2,5,8,2,2,3,4,5,6,C,R,h,6,1,3,A,0,4,2,2,2,2,h,6,2,3,3,4,4,2,2,6,B,h,6,3,3,2,0,0,h,6,4,2,3,5,2,2,3,5,A,h,6,5,4,0,2,3,9,h,7,3,5,0,0,h,7,4,2,0,0,v,1,4,3,v,2,3,4,v,4,1,4,v,6,2,3,v,6,2,4,
v20,C093: Dying Breath,p,3,m,1,s,2,d,c,h,1,5,3,B,4,6,2,2,3,4,9,8,h,1,6,3,A,0,4,2,2,2,2,h,2,2,5,0,0,h,2,3,2,0,0,h,2,4,2,4,6,2,3,5,6,B,R,h,2,5,3,2,0,0,h,2,6,4,0,2,3,9,h,3,2,4,0,2,3,9,h,3,3,2,2,4,2,3,4,9,h,3,4,2,3,5,2,2,3,5,A,h,3,5,3,H,0,3,4,4,8,h,3,6,2,2,4,2,3,4,9,h,3,7,5,0,0,h,4,1,3,A,0,4,2,2,2,2,h,4,2,3,2,0,0,h,4,3,3,8,0,2,9,4,h,4,4,3,E,0,0,h,4,5,2,3,5,2,2,3,5,A,h,4,6,2,0,0,h,5,2,3,3,4,5,2,2,6,B,8,h,5,3,2,5,8,2,2,3,4,5,6,C,R,h,5,4,2,3,5,2,2,3,5,A,h,5,5,3,F,0,7,2,2,2,4,4,B,8,h,5,6,2,4,6,2,3,5,6,B,R,h,6,3,2,0,0,h,6,4,2,2,4,2,3,4,9,h,6,5,3,2,0,0,h,6,6,3,C,3,1,6,h,7,4,5,0,0,h,7,5,4,0,2,3,9,h,7,6,3,A,0,4,2,2,2,2,v,1,6,2,v,1,6,3,v,2,2,2,v,2,3,4,v,2,6,3,v,3,2,2,v,4,1,4,v,4,6,2,v,5,3,3,v,6,5,3,v,7,4,4,v,7,5,4,
v20,C094: Dying Breath,p,4,m,1,s,3,d,e,c,h,1,3,5,0,0,h,1,4,2,0,0,h,1,6,5,0,0,h,2,2,4,0,2,3,9,h,2,3,2,2,4,2,3,4,9,h,2,4,2,4,6,2,3,5,6,B,R,h,2,5,2,2,4,2,3,4,9,h,2,6,2,0,0,h,3,2,3,A,0,4,2,2,2,2,h,3,3,3,C,3,1,6,h,3,4,3,B,4,6,2,2,3,4,9,8,h,3,5,3,E,0,0,h,3,6,3,F,0,7,2,2,2,4,4,B,8,h,3,7,2,4,5,2,3,5,6,B,h,4,1,4,0,2,3,9,h,4,2,3,E,0,0,h,4,3,2,5,8,2,2,3,4,5,6,C,8,h,4,4,3,A,0,5,2,2,2,2,D,h,4,5,2,5,8,2,2,3,4,5,6,C,8,h,4,6,3,2,0,0,h,4,7,4,0,2,3,9,h,5,2,2,4,5,2,3,5,6,B,h,5,3,3,H,0,3,4,4,8,h,5,4,3,2,0,0,h,5,5,3,8,0,2,9,4,h,5,6,3,3,4,5,2,2,6,B,8,h,5,7,3,A,0,4,2,2,2,2,h,6,2,2,0,0,h,6,3,2,2,4,2,3,4,9,h,6,4,2,4,6,2,3,5,6,B,R,h,6,5,2,2,4,2,3,4,9,h,6,6,4,0,2,3,9,h,7,3,5,0,0,h,7,5,2,0,0,h,7,6,5,0,0,v,1,4,3,v,2,2,2,v,2,6,2,v,3,2,3,v,3,5,2,v,4,3,4,v,4,4,2,v,4,4,4,v,4,6,3,v,5,3,2,v,5,7,2,v,6,4,3,
v20,C101: Well Guarded Secrets,p,1,m,1,s,1,c,h,1,2,3,9,3,2,3,C,h,2,1,3,2,0,0,h,2,2,3,8,0,2,9,4,h,2,3,3,A,0,4,2,2,2,2,h,2,4,4,0,2,3,9,h,3,2,2,4,6,2,3,5,6,B,8,h,3,3,3,G,3,5,2,3,4,A,9,h,3,4,2,3,5,2,2,3,5,A,h,3,5,2,0,0,h,4,2,3,A,0,4,2,2,2,2,h,4,3,2,3,6,2,3,5,6,A,R,h,4,4,2,2,4,2,3,4,9,h,4,5,5,0,0,h,5,2,2,5,8,2,2,3,4,5,6,C,5,h,5,3,3,2,0,0,v,2,4,3,v,3,2,4,v,3,3,3,v,3,3,4,v,4,2,3,
v20,C102: Well Guarded Secrets,p,2,m,1,s,2,c,a,h,1,3,3,E,0,0,h,1,4,4,0,2,3,9,h,1,5,2,3,5,2,2,3,5,A,h,1,6,2,0,0,h,1,7,5,0,0,h,2,2,2,4,6,2,3,5,6,B,2,h,2,3,3,8,0,1,9,h,2,4,2,5,8,2,2,3,4,5,6,C,2,h,2,5,2,3,6,2,3,5,6,A,R,h,2,6,2,2,4,2,3,4,9,h,3,2,3,2,0,0,h,3,3,3,A,0,5,2,2,2,2,B,h,3,4,3,G,3,5,2,3,4,A,9,h,3,5,3,A,0,4,2,2,2,2,h,3,6,3,E,0,0,h,4,1,2,2,4,2,3,4,9,h,4,2,2,3,6,2,3,5,6,A,R,h,4,3,3,9,3,2,3,R,h,4,4,3,6,0,2,2,2,h,4,5,2,4,6,2,3,5,6,B,2,h,5,1,5,0,0,h,5,2,2,0,0,h,5,3,2,3,5,2,2,3,5,A,h,5,4,4,0,2,3,9,h,5,5,3,2,0,0,v,1,4,3,v,1,6,2,v,2,3,2,v,2,4,2,v,2,4,4,v,2,6,2,v,3,2,2,v,3,2,4,v,3,4,2,v,3,5,2,v,3,5,4,v,4,2,2,v,4,2,4,v,4,3,3,
v20,C103: Well Guarded Secrets,p,3,m,1,s,2,d,c,h,1,2,2,2,4,2,3,4,9,h,1,3,2,0,0,h,1,4,4,0,2,3,9,h,2,1,5,0,0,h,2,2,2,3,5,2,3,5,6,A,h,2,3,2,3,5,2,2,3,5,A,h,2,4,2,5,8,2,2,3,4,5,6,C,2,h,3,2,3,2,0,0,h,3,3,3,A,0,4,2,2,2,2,h,3,4,3,8,0,2,9,4,h,3,5,3,2,0,0,h,3,6,5,0,0,h,4,1,3,9,3,2,3,C,h,4,2,3,B,4,6,2,2,3,4,9,8,h,4,3,3,G,3,5,2,3,4,A,9,h,4,4,3,A,0,5,2,2,2,2,4,h,4,5,2,3,5,2,3,5,6,A,h,4,6,2,2,4,2,3,4,9,h,5,1,4,0,2,3,9,h,5,2,2,3,5,2,2,3,5,A,h,5,3,3,A,0,5,2,2,2,2,4,h,5,4,3,6,0,3,2,2,8,h,5,5,2,3,5,2,2,3,5,A,h,5,6,2,0,0,h,6,1,2,0,0,h,6,2,2,3,5,2,3,5,6,A,h,6,3,3,2,0,0,h,6,4,2,4,6,2,3,5,6,B,8,h,6,5,4,0,2,3,9,h,7,2,2,2,4,2,3,4,9,h,7,3,5,0,0,v,1,3,4,v,2,1,3,v,2,3,3,v,3,3,2,v,3,3,4,v,3,4,3,v,3,5,4,v,4,2,2,v,4,2,3,v,4,4,2,v,5,1,3,v,5,3,4,v,5,4,4,v,5,6,2,v,6,3,2,
v20,C104: Well Guarded Secrets,p,4,m,1,s,3,d,e,a,h,1,2,5,0,0,h,1,3,2,0,0,h,1,4,2,3,5,2,3,5,6,A,h,1,5,4,0,2,3,9,h,1,6,2,0,0,h,2,2,2,3,5,2,2,3,5,A,h,2,3,2,5,8,2,2,3,4,5,6,C,8,h,2,4,3,2,0,0,h,2,5,2,3,5,2,2,3,5,A,h,2,6,5,0,0,h,3,2,4,0,2,3,9,h,3,3,3,A,0,5,2,2,2,2,4,h,3,4,3,8,0,2,9,4,h,3,5,3,9,3,2,3,C,h,3,6,2,3,6,2,3,5,6,A,R,h,4,1,3,E,0,0,h,4,2,3,6,0,3,2,2,8,h,4,3,3,G,3,5,2,3,4,A,9,h,4,4,3,A,0,4,2,2,2,2,h,4,5,3,E,0,0,h,5,2,4,0,2,3,9,h,5,3,3,A,0,5,2,2,2,2,4,h,5,4,3,B,4,6,2,2,3,4,9,8,h,5,5,2,4,6,2,3,5,6,B,2,h,5,6,2,3,6,2,3,5,6,A,R,h,6,2,2,3,5,2,2,3,5,A,h,6,3,2,5,8,2,2,3,4,5,6,C,8,h,6,4,3,2,0,0,h,6,5,2,3,5,2,2,3,5,A,h,6,6,5,0,0,h,7,2,5,0,0,h,7,3,2,0,0,h,7,4,2,3,5,2,3,5,6,A,h,7,5,4,0,2,3,9,h,7,6,2,0,0,v,1,5,4,v,2,2,3,v,2,3,4,v,2,4,4,v,3,3,2,v,3,3,4,v,3,4,3,v,4,2,3,v,4,4,2,v,4,4,4,v,5,3,2,v,5,3,4,v,6,3,4,v,6,4,4,v,7,5,4,
v20,C111: Ringworld Inversion,p,1,m,1,s,1,d,h,1,3,3,A,0,3,2,2,2,h,1,4,2,5,8,2,2,3,4,5,6,C,R,h,2,2,3,E,0,0,h,2,3,3,8,0,2,9,4,h,2,4,3,2,0,0,h,3,2,3,J,0,4,2,2,A,8,h,3,5,3,4,3,6,2,2,3,6,A,8,h,4,1,3,I,2,6,2,2,2,3,9,8,h,4,5,3,5,6,7,2,2,2,3,6,D,8,h,5,2,3,E,0,0,h,5,5,3,2,0,0,h,6,2,2,3,5,2,3,5,6,A,h,6,3,2,0,0,h,6,4,2,3,5,2,3,5,6,A,h,7,3,5,0,0,h,7,4,2,2,4,2,3,4,9,v,1,3,4,v,6,2,3,
v20,C112: Ringworld Invasion,p,2,m,1,s,2,c,a,h,1,2,5,0,0,h,1,5,3,4,3,6,2,2,3,6,A,8,h,2,1,2,0,0,h,2,2,2,2,4,2,3,4,9,h,2,3,3,2,0,0,h,2,4,3,8,0,2,9,4,h,2,5,2,5,8,2,2,3,4,5,6,C,8,h,3,1,2,3,5,2,3,5,6,A,h,3,2,2,3,6,2,2,3,5,A,R,h,3,5,3,A,0,3,2,2,2,h,3,6,3,2,0,0,h,4,1,3,J,0,4,2,2,A,8,h,4,5,3,I,2,6,2,2,2,3,9,8,h,5,1,3,E,0,0,h,5,2,3,A,0,3,2,2,2,h,5,5,2,3,6,2,2,3,5,A,R,h,5,6,2,3,5,2,3,5,6,A,h,6,1,2,4,6,2,3,5,6,B,R,h,6,2,3,8,0,2,9,4,h,6,3,3,E,0,0,h,6,4,2,2,4,2,3,4,9,h,6,5,2,0,0,h,7,2,3,5,6,7,2,2,2,3,6,D,8,h,7,5,5,0,0,v,2,1,3,v,3,5,4,v,5,1,4,v,5,5,3,
v20,C113: Ringworld Invasion,p,3,m,1,s,3,c,a,b,h,1,3,2,5,8,2,2,3,4,5,6,C,8,h,1,4,3,I,2,6,2,2,2,3,9,8,h,1,5,2,3,5,2,3,5,6,A,h,1,6,2,0,0,h,2,3,3,2,0,0,h,2,4,3,8,0,2,9,4,h,2,5,2,2,4,2,3,4,9,h,2,6,5,0,0,h,3,2,5,0,0,h,3,3,3,A,0,3,2,2,2,h,3,6,3,A,0,3,2,2,2,h,4,1,2,0,0,h,4,2,2,2,4,2,3,4,9,h,4,6,3,2,0,0,h,4,7,3,5,6,7,2,2,2,3,6,D,8,h,5,2,2,3,5,2,3,5,6,A,h,5,3,3,8,0,2,9,4,h,5,6,3,8,0,2,9,4,h,5,7,2,4,6,2,3,5,6,B,8,h,6,2,3,J,0,4,2,2,A,8,h,6,3,3,2,0,0,h,6,4,3,A,0,3,2,2,2,h,6,5,2,2,4,2,3,4,9,h,6,6,2,3,5,2,3,5,6,A,h,7,3,3,4,3,6,2,2,3,6,A,8,h,7,5,5,0,0,h,7,6,2,0,0,v,1,5,2,v,1,5,3,v,2,5,3,v,2,6,2,v,3,2,4,v,3,3,2,v,4,2,2,v,5,2,4,v,5,6,3,v,6,4,3,v,6,4,4,v,6,5,4,
v20,C114: Ringworld Invasion,p,4,m,1,s,3,d,c,a,h,1,2,5,0,0,h,1,3,2,2,4,2,3,4,9,h,1,4,3,8,0,1,9,h,1,5,3,2,0,0,h,1,6,2,3,5,2,3,5,6,A,h,2,2,2,0,0,h,2,3,3,4,3,6,2,2,3,6,A,8,h,2,4,3,E,0,0,h,2,5,2,5,8,2,2,3,4,5,6,C,8,h,2,6,2,0,0,h,2,7,5,0,0,h,3,2,2,4,5,2,3,5,6,B,h,3,3,3,A,0,3,2,2,2,h,3,6,2,4,8,2,2,3,5,5,6,C,R,h,3,7,2,2,4,2,3,4,9,h,4,1,3,J,0,4,2,2,A,8,h,4,2,3,8,0,2,9,4,h,4,4,3,A,0,4,2,2,2,8,h,4,6,3,8,0,2,9,4,h,4,7,3,I,2,6,2,2,2,3,9,8,h,5,2,2,2,4,2,3,4,9,h,5,3,2,4,8,2,2,3,5,5,6,C,R,h,5,6,3,A,0,3,2,2,2,h,5,7,2,4,5,2,3,5,6,B,h,6,1,5,0,0,h,6,2,2,0,0,h,6,3,2,5,8,2,2,3,4,5,6,C,8,h,6,4,3,2,0,0,h,6,5,3,5,6,7,2,2,2,3,6,D,8,h,6,6,2,0,0,h,7,3,2,3,5,2,3,5,6,A,h,7,4,3,E,0,0,h,7,5,3,8,0,1,9,h,7,6,2,2,4,2,3,4,9,h,7,7,5,0,0,v,1,3,3,v,1,5,2,v,2,2,3,v,2,2,4,v,2,5,4,v,2,6,2,v,3,6,4,v,5,2,4,v,5,3,2,v,5,6,3,v,6,2,4,v,6,4,2,v,6,5,3,v,6,5,4,
v20,C121: Twin Galaxy,p,1,m,1,s,1,a,h,1,1,3,J,0,4,2,2,A,8,h,1,2,3,A,0,4,2,2,2,2,h,1,3,3,A,0,3,2,2,2,h,1,4,3,F,0,7,2,2,2,4,4,B,8,h,2,1,2,5,8,2,2,3,4,5,6,C,8,h,2,2,3,D,4,7,2,2,3,5,6,B,R,h,2,3,2,4,6,2,3,5,6,B,R,h,3,2,2,3,5,2,3,5,6,A,h,3,3,4,0,2,3,9,h,4,1,2,0,0,h,4,2,2,3,5,2,2,3,5,A,h,4,3,2,5,8,2,2,3,4,5,6,C,8,h,5,2,5,0,0,v,1,2,2,v,1,2,4,v,1,3,3,v,2,1,4,v,2,2,4,v,3,2,4,
v20,C122: Twin Galaxy,p,2,m,1,s,2,c,a,h,1,2,5,0,0,h,2,1,2,0,0,h,2,2,2,3,5,2,2,3,5,A,h,2,3,4,0,2,3,9,h,3,1,2,5,8,2,2,3,4,5,6,C,8,h,3,2,3,D,4,6,2,2,3,5,6,B,h,3,3,2,4,6,2,3,5,6,B,R,h,3,4,3,A,0,4,2,2,2,2,h,4,1,3,J,0,4,2,2,A,8,h,4,2,3,A,0,4,2,2,2,8,h,4,3,3,F,0,7,2,2,2,4,4,B,8,h,5,1,3,A,0,4,2,2,2,2,h,5,2,2,4,6,2,3,5,6,B,R,h,5,3,3,D,4,6,2,2,3,5,6,B,h,5,4,2,5,8,2,2,3,4,5,6,C,8,h,6,1,4,0,2,3,9,h,6,2,2,3,5,2,2,3,5,A,h,6,3,2,0,0,h,7,3,5,0,0,v,2,3,3,v,3,1,4,v,3,2,3,v,3,3,2,v,4,2,2,v,4,2,3,v,5,1,3,v,5,3,4,
v20,C123: Twin Galaxy,p,3,m,1,s,3,d,a,b,h,1,4,2,5,8,2,2,3,4,5,6,C,8,h,1,5,5,0,0,h,2,3,4,0,2,3,9,h,2,4,2,3,5,2,2,3,5,A,h,2,5,2,0,0,h,3,3,3,A,0,4,2,2,2,2,h,3,4,3,D,4,7,2,2,3,5,6,B,R,h,3,5,2,4,5,2,3,5,6,B,h,4,1,2,0,0,h,4,2,2,4,5,2,3,5,6,B,h,4,3,2,5,8,2,2,3,4,5,6,C,5,h,4,4,3,F,0,7,2,2,2,4,4,B,8,h,4,5,3,A,0,3,2,2,2,h,5,1,5,0,0,h,5,2,2,3,5,2,2,3,5,A,h,5,3,3,D,4,7,2,2,3,5,6,B,R,h,5,4,3,J,0,4,2,2,A,8,h,5,5,3,D,4,7,2,2,3,5,6,B,R,h,5,6,4,0,2,3,9,h,6,1,2,5,8,2,2,3,4,5,6,C,8,h,6,2,4,0,2,3,9,h,6,3,3,A,0,3,2,2,2,h,6,4,2,4,5,2,3,5,6,B,h,6,5,2,3,5,2,2,3,5,A,h,6,6,2,5,8,2,2,3,4,5,6,C,8,h,7,5,2,0,0,h,7,6,5,0,0,v,1,4,4,v,2,3,2,v,3,3,2,v,3,4,2,v,3,4,3,v,3,5,3,v,4,3,2,v,4,4,3,v,4,5,3,v,5,1,3,v,5,3,4,v,5,4,4,v,6,2,4,v,6,3,4,v,6,6,2,
v20,C124: Twin Galaxy,p,4,m,1,s,3,d,e,c,h,1,3,5,0,0,h,1,4,2,3,5,2,2,3,5,A,h,1,5,4,0,2,3,9,h,1,6,3,B,4,6,2,2,3,4,9,8,h,2,3,2,0,0,h,2,4,3,D,4,7,2,2,3,5,6,B,R,h,2,5,3,A,0,4,2,2,2,2,h,2,6,4,0,2,3,9,h,3,3,3,8,0,1,9,h,3,4,2,4,5,2,3,5,6,B,h,3,5,3,F,0,7,2,2,2,4,4,B,8,h,3,6,3,D,4,7,2,2,3,5,6,B,R,h,3,7,2,3,5,2,2,3,5,A,h,4,1,5,0,0,h,4,2,2,0,0,h,4,3,2,4,5,2,3,5,6,B,h,4,4,3,A,0,4,2,2,2,8,h,4,5,2,4,5,2,3,5,6,B,h,4,6,2,0,0,h,4,7,5,0,0,h,5,2,2,3,5,2,2,3,5,A,h,5,3,3,D,4,7,2,2,3,5,6,B,R,h,5,4,3,I,2,6,2,2,2,3,9,8,h,5,5,2,4,5,2,3,5,6,B,h,5,6,3,8,0,1,9,h,6,2,4,0,2,3,9,h,6,3,3,A,0,4,2,2,2,2,h,6,4,3,D,4,7,2,2,3,5,6,B,R,h,6,5,2,0,0,h,7,3,3,B,4,6,2,2,3,4,9,8,h,7,4,4,0,2,3,9,h,7,5,2,3,5,2,2,3,5,A,h,7,6,5,0,0,v,1,6,2,v,2,3,4,v,2,5,2,v,3,4,3,v,3,6,3,v,4,2,3,v,4,3,4,v,4,4,3,v,4,4,4,v,5,4,2,v,6,3,2,v,6,4,4,
v20,C131: The Collector's Trove,p,1,m,1,s,1,c,h,1,2,3,H,0,3,4,4,8,h,1,3,3,A,0,3,2,2,2,h,2,1,3,G,3,5,2,3,4,A,8,h,2,2,2,2,5,2,3,4,9,2,h,2,3,2,4,6,2,3,5,6,B,R,h,3,1,5,0,0,h,3,2,2,0,0,h,3,3,4,0,2,3,9,h,3,4,3,I,2,6,2,2,2,3,9,R,h,4,1,3,F,0,7,2,2,2,4,4,B,8,h,4,2,2,2,5,2,3,4,9,2,h,4,3,2,4,6,2,3,5,6,B,R,h,5,2,3,J,0,4,2,2,A,8,h,5,3,3,A,0,3,2,2,2,v,1,3,2,v,2,1,2,v,3,1,3,v,3,2,4,v,3,3,4,v,4,2,3,
v20,C132: The Collector's Trove,p,2,m,1,s,2,d,a,h,1,2,3,H,0,3,4,4,8,h,2,1,3,G,3,5,2,3,4,A,8,h,2,2,2,2,5,2,3,4,9,2,h,2,3,3,A,0,3,2,2,2,h,3,1,5,0,0,h,3,2,2,0,0,h,3,3,2,3,6,2,3,5,6,A,2,h,3,4,2,4,6,2,3,5,6,B,R,h,4,1,4,0,2,3,9,h,4,2,2,3,5,2,3,5,6,A,h,4,3,3,A,0,3,2,2,2,h,4,4,3,I,2,6,2,2,2,3,9,8,h,5,1,5,0,0,h,5,2,2,0,0,h,5,3,2,3,6,2,3,5,6,A,2,h,5,4,2,4,6,2,3,5,6,B,R,h,6,1,3,F,0,7,2,2,2,4,4,B,8,h,6,2,2,2,5,2,3,4,9,2,h,6,3,3,A,0,3,2,2,2,h,7,2,3,J,0,4,2,2,A,8,v,2,1,2,v,2,2,4,v,3,1,3,v,3,2,2,v,3,3,3,v,4,1,2,v,4,1,3,v,4,2,4,v,4,3,2,v,4,3,4,v,5,1,3,v,6,2,4,
v20,C133: The Collector's Trove,p,3,m,1,s,3,d,a,b,h,1,2,4,0,2,3,9,h,1,3,3,G,3,5,2,3,4,A,8,h,1,4,2,5,8,2,2,3,4,5,6,C,8,h,2,1,5,0,0,h,2,2,2,0,0,h,2,3,2,3,6,2,3,5,6,A,2,h,2,4,3,A,0,3,2,2,2,h,3,2,3,H,0,3,4,4,8,h,3,3,2,2,5,2,3,4,9,2,h,3,4,2,3,6,2,3,5,6,A,2,h,3,5,2,4,6,2,3,5,6,B,R,h,4,1,5,0,0,h,4,2,2,0,0,h,4,3,2,2,5,2,3,4,9,2,h,4,4,3,A,0,4,2,2,2,2,h,4,5,3,I,2,6,2,2,2,3,9,R,h,5,2,3,J,0,4,2,2,A,8,h,5,3,2,2,5,2,3,4,9,2,h,5,4,2,3,6,2,3,5,6,A,2,h,5,5,2,4,6,2,3,5,6,B,R,h,6,1,5,0,0,h,6,2,2,0,0,h,6,3,2,3,6,2,3,5,6,A,2,h,6,4,3,A,0,3,2,2,2,h,7,2,4,0,2,3,9,h,7,3,3,F,0,7,2,2,2,4,4,B,8,h,7,4,2,5,8,2,2,3,4,5,6,C,8,v,2,1,3,v,2,2,2,v,2,4,3,v,3,4,3,v,4,3,4,v,4,4,2,v,4,4,4,v,5,2,2,v,5,2,3,v,5,5,2,
v20,C134: The Collector's Trove,p,4,m,1,s,3,d,e,c,h,1,2,4,0,2,3,9,h,1,3,5,0,0,h,1,4,3,H,0,3,4,4,8,h,1,5,3,A,0,3,2,2,2,h,2,1,3,G,3,5,2,3,4,A,8,h,2,2,2,2,5,2,3,4,9,2,h,2,3,2,0,0,h,2,4,2,3,6,2,3,5,6,A,6,h,2,5,2,4,8,2,2,3,5,5,6,C,8,h,3,1,5,0,0,h,3,2,2,0,0,h,3,3,2,3,6,2,3,5,6,A,2,h,3,4,2,4,6,2,3,5,6,B,2,h,3,5,3,8,0,1,9,h,4,1,4,0,2,3,9,h,4,2,2,2,5,2,3,4,9,2,h,4,3,3,A,0,4,2,2,2,2,h,4,4,3,I,2,6,2,2,2,3,9,8,h,4,5,2,3,6,2,2,3,5,A,5,h,5,1,5,0,0,h,5,2,2,0,0,h,5,3,2,3,6,2,3,5,6,A,2,h,5,4,2,4,6,2,3,5,6,B,2,h,5,5,3,8,0,1,9,h,6,1,3,F,0,7,2,2,2,4,4,B,8,h,6,2,2,2,5,2,3,4,9,2,h,6,3,2,0,0,h,6,4,2,3,6,2,3,5,6,A,6,h,6,5,2,4,8,2,2,3,5,5,6,C,8,h,7,2,4,0,2,3,9,h,7,3,5,0,0,h,7,4,3,J,0,4,2,2,A,8,h,7,5,3,A,0,3,2,2,2,v,1,2,2,v,1,2,4,v,1,3,4,v,2,1,2,v,3,1,3,v,3,3,3,v,4,1,2,v,4,2,4,v,4,3,2,v,4,3,4,v,5,1,3,v,6,1,3,v,7,2,4,v,7,3,4,
v20,I011: All Hell Breaks Loose ,p,1,m,1,s,2,d,c,h,2,3,3,D,3,7,2,2,2,3,4,A,6,h,2,4,2,0,1,Z,h,3,2,2,4,6,2,3,5,6,B,S,h,3,3,2,3,1,3,h,3,4,2,2,1,T,h,3,5,2,2,1,3,h,4,1,2,0,1,X,h,4,2,2,3,1,3,h,4,3,2,0,0,h,4,4,3,2,0,0,h,4,5,5,0,0,h,5,2,2,4,6,2,3,5,6,B,S,h,5,3,2,3,1,3,h,5,4,2,2,1,T,h,5,5,2,2,1,3,h,6,3,3,D,3,7,2,2,2,3,4,A,6,h,6,4,2,0,1,Y,v,2,3,4,v,2,4,2,v,2,4,3,v,3,2,2,v,4,1,3,v,4,1,4,v,5,4,3,v,5,5,2,v,6,3,4,
v20,I012: All Hell Breaks Loose ,p,2,m,1,s,3,d,a,b,h,1,3,3,D,3,7,2,2,2,3,4,A,6,h,1,4,2,0,1,Z,h,1,5,2,4,6,2,3,5,6,B,S,h,2,2,2,3,1,3,h,2,3,2,2,1,T,h,2,4,2,2,1,3,h,3,2,2,4,6,2,3,5,6,B,S,h,3,3,2,3,1,3,h,3,4,2,0,0,h,3,5,5,0,0,h,4,1,2,0,1,X,h,4,2,2,4,1,3,h,4,3,3,2,0,0,h,4,4,2,2,1,3,h,5,2,2,4,6,2,3,5,6,B,S,h,5,3,2,3,1,3,h,5,4,2,0,0,h,5,5,5,0,0,h,6,2,2,3,1,3,h,6,3,2,2,1,U,h,6,4,2,2,1,3,h,7,3,3,D,3,7,2,2,2,3,4,A,6,h,7,4,2,0,1,Y,h,7,5,2,4,6,2,3,5,6,B,S,v,1,3,4,v,1,4,2,v,1,4,3,v,1,4,4,v,3,2,2,v,4,1,3,v,4,1,4,v,6,3,3,v,6,4,2,v,7,3,4,v,7,4,4,
v20,I013: All Hell Breaks Loose ,p,3,m,1,s,3,d,c,a,h,1,2,3,D,3,7,2,2,2,3,4,A,6,h,1,3,3,2,0,0,h,1,4,2,0,1,Z,h,1,5,2,4,6,2,3,5,6,B,S,h,2,2,2,4,6,2,3,5,6,B,S,h,2,3,2,3,1,3,h,2,4,2,2,1,3,h,2,5,2,0,0,h,3,2,2,4,8,2,2,3,5,5,6,C,S,h,3,3,2,3,6,2,2,3,5,A,2,h,3,4,2,2,1,3,h,3,5,5,0,0,h,3,6,2,2,1,3,h,4,1,2,0,1,X,h,4,2,3,E,0,0,h,4,3,2,3,1,3,h,4,4,5,0,0,h,4,5,2,0,0,h,4,6,3,E,0,0,h,5,2,2,4,8,2,2,3,5,5,6,C,S,h,5,3,2,3,6,2,2,3,5,A,2,h,5,4,2,2,1,3,h,5,5,5,0,0,h,5,6,2,2,1,3,h,6,2,2,4,6,2,3,5,6,B,R,h,6,3,2,3,1,3,h,6,4,2,2,1,3,h,6,5,2,0,0,h,7,2,3,D,3,7,2,2,2,3,4,A,6,h,7,3,3,2,0,0,h,7,4,2,0,1,Y,h,7,5,2,4,6,2,3,5,6,B,S,v,1,3,4,v,1,4,2,v,1,4,3,v,1,4,4,v,3,2,2,v,4,1,3,v,4,1,4,v,4,5,4,v,6,3,3,v,6,4,2,v,7,3,4,v,7,4,4,
v20,I014: All Hell Breaks Loose ,p,4,m,1,s,3,d,e,c,h,1,3,2,4,7,2,3,5,6,B,S,R,h,1,4,2,3,1,3,h,2,1,3,D,3,7,2,2,2,3,4,A,6,h,2,2,2,0,1,Z,h,2,3,2,2,1,3,h,2,4,2,2,1,3,h,2,5,2,0,0,h,3,2,2,4,6,2,3,5,6,B,2,h,3,3,2,0,0,h,3,4,5,0,0,h,3,5,5,0,0,h,3,6,2,2,1,3,h,3,7,3,D,3,7,2,2,2,3,4,A,6,h,4,2,2,3,6,2,2,3,5,A,S,h,4,3,2,3,6,2,2,3,5,A,2,h,4,4,3,5,6,8,2,2,2,3,6,D,6,R,h,4,5,2,3,6,2,2,3,5,A,2,h,4,6,2,0,1,X,h,5,2,2,4,6,2,3,5,6,B,2,h,5,3,2,0,0,h,5,4,5,0,0,h,5,5,5,0,0,h,5,6,2,2,1,3,h,5,7,3,D,3,7,2,2,2,3,4,A,6,h,6,1,3,D,3,7,2,2,2,3,4,A,6,h,6,2,2,0,1,Y,h,6,3,2,2,1,3,h,6,4,2,2,1,3,h,6,5,2,0,0,h,7,3,2,4,7,2,3,5,6,B,S,R,h,7,4,2,3,1,3,v,1,3,2,v,2,1,4,v,2,2,2,v,2,2,3,v,2,2,4,v,3,6,3,v,3,7,2,v,4,5,4,v,4,6,2,v,4,6,3,v,5,2,3,v,5,3,2,v,6,1,4,v,6,2,3,v,6,2,4,
v20,I021: Center of Attention,p,1,m,1,s,3,c,a,b,h,1,2,2,0,1,X,h,1,3,3,2,0,0,h,1,4,2,0,1,Z,h,2,1,3,G,3,5,2,3,4,A,S,h,2,2,3,F,0,7,2,2,2,4,4,B,8,h,2,3,2,2,1,3,h,2,4,2,0,0,h,3,2,2,2,1,3,h,3,3,3,9,3,2,3,8,h,3,4,2,2,1,3,h,4,1,5,0,0,h,4,2,2,2,1,3,h,4,3,3,J,0,4,2,2,A,2,h,4,4,3,I,2,6,2,2,2,3,9,8,h,5,3,3,2,0,1,Y,h,5,4,2,0,0,v,1,2,2,v,1,2,3,v,1,2,4,v,1,3,4,v,1,4,2,v,1,4,3,v,4,2,3,v,4,3,2,v,4,3,3,v,4,4,2,v,5,3,4,
v20,I022: Center of Attention,p,2,m,1,s,3,d,a,b,h,1,3,2,0,1,X,h,1,4,2,4,6,2,3,5,6,B,S,h,2,1,3,G,3,6,2,3,4,A,S,R,h,2,2,3,F,0,7,2,2,2,4,4,B,8,h,2,3,2,3,6,2,2,3,5,A,6,h,2,4,2,2,1,3,h,3,1,5,0,0,h,3,2,2,2,1,3,h,3,3,2,0,1,Y,h,3,4,2,2,1,3,h,3,5,2,0,0,h,4,1,2,0,0,h,4,2,2,2,1,3,h,4,3,3,9,3,2,3,8,h,4,4,2,2,1,3,h,4,5,5,0,0,h,5,2,2,2,1,3,h,5,3,2,3,6,2,2,3,5,A,6,h,5,4,3,J,0,4,2,2,A,2,h,5,5,3,I,2,6,2,2,2,3,9,8,h,6,2,2,4,6,2,3,5,6,B,S,h,6,3,2,0,1,Z,v,1,3,2,v,1,3,3,v,1,3,4,v,2,2,3,v,2,3,2,v,3,2,4,v,3,3,2,v,3,3,3,v,3,3,4,v,3,4,4,v,5,3,3,v,5,4,2,v,6,2,4,
v20,I023: Center of Attention,p,3,m,1,s,3,d,c,a,h,1,2,2,4,6,2,3,5,6,B,S,h,1,3,2,0,1,X,h,1,4,2,2,1,3,h,1,5,2,0,0,h,2,1,5,0,0,h,2,2,3,G,3,6,2,3,4,A,S,R,h,2,3,2,3,6,2,2,3,5,A,6,h,2,4,2,2,1,3,h,2,5,5,0,0,h,3,1,2,0,0,h,3,2,2,2,1,3,h,3,3,3,J,0,4,2,2,A,2,h,3,4,3,9,3,2,3,8,h,3,5,3,I,2,6,2,2,2,3,9,8,h,3,6,2,4,6,2,3,5,6,B,S,h,4,1,2,2,1,3,h,4,2,2,3,6,2,2,3,5,A,6,h,4,3,3,F,0,7,2,2,2,4,4,B,8,h,4,4,2,3,6,2,2,3,5,A,6,h,4,5,2,0,1,Z,h,5,2,2,0,1,Y,h,5,3,3,D,4,7,2,2,3,5,6,B,S,h,5,4,2,2,1,3,h,5,5,2,2,1,3,h,6,2,2,4,6,2,3,5,6,B,S,h,6,3,5,0,0,h,6,4,2,0,0,v,1,2,4,v,1,3,2,v,1,3,3,v,1,3,4,v,2,2,3,v,3,4,4,v,3,5,3,v,3,6,2,v,4,1,3,v,4,2,2,v,4,3,2,v,4,4,4,v,4,5,2,v,5,2,3,v,5,2,4,
v20,I024: Center of Attention,p,4,m,1,s,3,d,e,a,h,1,3,3,G,3,6,2,3,4,A,S,R,h,1,4,2,0,1,X,h,1,5,2,4,7,2,3,5,6,B,S,R,h,1,6,2,2,1,3,h,1,7,5,0,0,h,2,2,2,4,6,2,3,5,6,B,S,h,2,3,3,F,0,7,2,2,2,4,4,B,8,h,2,4,2,3,6,2,2,3,5,A,6,h,2,5,2,2,1,3,h,2,6,2,0,0,h,3,2,2,0,0,h,3,3,2,2,1,3,h,3,4,2,0,1,Y,h,3,5,2,3,6,2,2,3,5,A,6,h,3,6,2,2,1,3,h,3,7,5,0,0,h,4,1,5,0,0,h,4,2,2,2,1,3,h,4,3,2,3,6,2,2,3,5,A,6,h,4,4,3,9,3,2,3,8,h,4,5,2,2,1,3,h,4,6,2,0,0,h,5,2,2,0,0,h,5,3,2,2,1,3,h,5,4,2,3,6,2,2,3,5,A,6,h,5,5,3,J,0,4,2,2,A,2,h,5,6,2,4,6,2,3,5,6,B,S,h,6,1,5,0,0,h,6,2,2,2,1,3,h,6,3,2,4,7,2,3,5,6,B,S,R,h,6,4,2,0,1,Z,h,6,5,3,I,2,6,2,2,2,3,9,8,v,1,3,4,v,1,4,2,v,1,4,3,v,1,4,4,v,2,3,3,v,2,4,2,v,3,3,4,v,3,4,2,v,3,4,3,v,3,4,4,v,5,4,3,v,5,5,2,v,6,3,4,v,6,4,4,
v20,I031: Reclamation of the Empire,p,1,m,1,s,2,d,e,h,1,1,3,4,3,6,2,2,3,6,A,8,h,1,3,5,0,0,h,2,1,2,0,1,X,h,2,2,2,4,6,2,3,5,6,B,S,h,2,3,2,2,1,3,h,2,4,2,0,1,Y,h,2,5,3,G,3,5,2,3,4,A,8,h,3,2,2,2,1,3,h,3,3,2,0,0,h,3,4,2,4,6,2,3,5,6,B,S,h,4,1,4,0,3,3,9,8,h,4,2,2,4,6,2,3,5,6,B,S,h,4,3,2,2,1,3,h,4,4,4,0,2,3,9,h,5,3,2,0,1,Z,h,6,2,3,6,0,3,2,2,8,v,1,3,2,v,2,1,3,v,2,1,4,v,2,2,3,v,2,3,4,v,2,4,2,v,3,2,2,v,3,3,2,v,3,3,4,v,4,2,3,v,4,3,2,v,4,3,4,
v20,I032: Reclamation of the Empire,p,2,m,1,s,3,d,c,a,h,1,1,3,4,3,6,2,2,3,6,A,8,h,1,3,5,0,0,h,1,4,2,4,6,2,3,5,6,B,S,h,2,1,2,0,0,h,2,2,2,2,1,3,h,2,3,2,2,1,3,h,2,4,2,0,0,h,2,5,3,G,3,5,2,3,4,A,8,h,3,1,4,0,2,3,9,h,3,2,2,0,0,h,3,3,2,3,7,2,2,3,5,A,S,8,h,3,4,2,2,1,3,h,4,1,2,4,6,2,3,5,6,B,S,h,4,2,2,0,0,h,4,3,2,2,1,3,h,4,4,5,0,0,h,5,3,2,0,0,h,5,4,2,4,6,2,3,5,6,B,S,h,6,2,3,6,0,3,2,2,8,v,1,4,3,v,2,1,2,v,2,1,3,v,2,1,4,v,2,3,4,v,2,4,2,v,3,1,4,v,3,2,4,v,3,3,2,v,4,2,3,v,4,3,2,v,5,3,4,
v20,I033: Reclamation of the Empire,p,3,m,1,s,3,d,e,a,h,1,3,5,0,0,h,1,4,2,4,7,2,3,5,6,B,S,R,h,2,1,3,4,3,6,2,2,3,6,A,8,h,2,3,2,2,1,3,h,2,5,4,0,2,3,9,h,3,1,4,0,2,3,9,h,3,2,2,0,1,X,h,3,3,2,2,1,3,h,3,4,2,0,0,h,3,5,2,0,1,Y,h,3,6,3,G,3,5,2,3,4,A,8,h,4,2,2,0,0,h,4,3,2,3,7,2,2,3,5,A,S,R,h,4,4,2,2,1,3,h,5,1,2,4,7,2,3,5,6,B,S,R,h,5,2,2,2,1,3,h,5,3,2,2,1,3,h,5,4,2,0,0,h,5,5,2,2,1,3,h,5,6,5,0,0,h,6,1,5,0,0,h,6,3,2,0,1,Z,h,6,5,2,4,7,2,3,5,6,B,S,R,h,7,3,3,6,0,3,2,2,8,h,7,4,4,0,2,3,9,v,3,2,3,v,3,2,4,v,3,4,2,v,3,4,4,v,3,5,2,v,4,2,4,v,4,3,3,v,5,3,3,v,5,4,2,
v20,I034: Reclamation of the Empire,p,4,m,1,s,3,d,e,c,h,1,1,5,0,0,h,1,2,2,2,1,3,h,1,3,2,0,0,h,1,4,3,2,0,0,h,1,5,2,4,6,2,3,5,6,B,S,h,1,6,2,2,1,3,h,1,7,5,0,0,h,2,2,2,4,6,2,3,5,6,B,S,h,2,3,2,2,1,3,h,2,4,2,2,1,3,h,2,5,2,0,0,h,3,1,3,4,3,6,2,2,3,6,A,8,h,3,2,2,0,1,X,h,3,3,4,0,3,3,9,8,h,3,4,2,3,7,2,2,3,5,A,6,R,h,3,5,4,0,3,3,9,8,h,3,6,2,0,1,Z,h,3,7,3,G,3,5,2,3,4,A,8,h,4,2,2,4,6,2,3,5,6,B,S,h,4,3,2,2,1,3,h,4,4,2,2,1,3,h,4,5,2,0,0,h,5,1,5,0,0,h,5,2,2,2,1,3,h,5,3,2,0,0,h,5,4,3,2,0,0,h,5,5,2,4,6,2,3,5,6,B,S,h,5,6,2,2,1,3,h,5,7,5,0,0,h,6,3,2,0,1,Y,h,6,4,2,3,6,2,2,3,5,A,6,h,7,3,4,0,3,3,9,8,h,7,4,3,6,0,3,2,2,R,h,7,5,4,0,3,3,9,8,v,2,2,2,v,2,5,3,v,3,1,4,v,3,2,3,v,3,2,4,v,3,3,4,v,3,4,4,v,3,5,4,v,3,6,2,v,3,6,4,v,5,3,3,v,5,4,2,v,6,3,4,v,6,4,2,v,7,4,4,